frequency,raw,smoothed,error,error_smoothed,equalization,parametric_eq,fixed_band_eq,equalized_raw,equalized_smoothed,target
20.00,0.23,0.22,0.91,0.91,-0.91,-2.28,-3.18,-0.68,-0.68,-0.68
20.20,0.42,0.42,1.10,1.11,-1.10,-2.39,-3.27,-0.69,-0.68,-0.68
20.40,0.62,0.62,1.30,1.30,-1.30,-2.49,-3.36,-0.68,-0.68,-0.68
20.61,0.81,0.81,1.50,1.50,-1.50,-2.60,-3.46,-0.68,-0.68,-0.68
20.81,1.01,1.01,1.69,1.69,-1.69,-2.70,-3.55,-0.68,-0.68,-0.68
21.02,1.20,1.20,1.87,1.88,-1.88,-2.81,-3.65,-0.68,-0.68,-0.67
21.23,1.39,1.39,2.06,2.06,-2.07,-2.92,-3.75,-0.68,-0.68,-0.68
21.44,1.58,1.58,2.26,2.25,-2.26,-3.03,-3.86,-0.68,-0.68,-0.68
21.66,1.77,1.77,2.44,2.45,-2.45,-3.14,-3.97,-0.68,-0.68,-0.68
21.87,1.96,1.96,2.64,2.64,-2.64,-3.25,-4.08,-0.68,-0.68,-0.68
22.09,2.15,2.15,2.83,2.83,-2.82,-3.36,-4.19,-0.67,-0.68,-0.68
22.31,2.33,2.33,3.01,3.01,-3.01,-3.47,-4.31,-0.67,-0.67,-0.68
22.54,2.51,2.52,3.19,3.19,-3.19,-3.58,-4.43,-0.67,-0.67,-0.68
22.76,2.70,2.70,3.37,3.37,-3.36,-3.69,-4.56,-0.66,-0.67,-0.67
22.99,2.88,2.88,3.54,3.54,-3.54,-3.80,-4.68,-0.66,-0.66,-0.66
23.22,3.06,3.06,3.71,3.71,-3.71,-3.92,-4.81,-0.66,-0.66,-0.65
23.45,3.24,3.24,3.88,3.88,-3.89,-4.03,-4.94,-0.65,-0.65,-0.64
23.69,3.41,3.41,4.05,4.05,-4.06,-4.14,-5.08,-0.64,-0.64,-0.63
23.92,3.59,3.59,4.22,4.22,-4.23,-4.26,-5.22,-0.64,-0.64,-0.63
24.16,3.76,3.76,4.39,4.39,-4.39,-4.37,-5.36,-0.63,-0.63,-0.63
24.40,3.93,3.93,4.57,4.56,-4.55,-4.49,-5.50,-0.62,-0.63,-0.63
24.65,4.10,4.10,4.72,4.72,-4.72,-4.60,-5.65,-0.62,-0.62,-0.63
24.89,4.26,4.26,4.88,4.88,-4.87,-4.72,-5.80,-0.61,-0.61,-0.62
25.14,4.42,4.42,5.03,5.03,-5.03,-4.83,-5.95,-0.61,-0.61,-0.61
25.39,4.57,4.57,5.17,5.17,-5.18,-4.95,-6.10,-0.61,-0.60,-0.60
25.65,4.73,4.73,5.33,5.32,-5.33,-5.06,-6.25,-0.60,-0.60,-0.60
25.91,4.87,4.87,5.47,5.47,-5.47,-5.18,-6.40,-0.60,-0.60,-0.59
26.16,5.02,5.02,5.61,5.61,-5.61,-5.29,-6.56,-0.59,-0.59,-0.59
26.43,5.17,5.17,5.75,5.75,-5.75,-5.41,-6.71,-0.59,-0.59,-0.58
26.69,5.31,5.30,5.90,5.89,-5.89,-5.53,-6.86,-0.58,-0.59,-0.59
26.96,5.44,5.44,6.02,6.03,-6.02,-5.64,-7.02,-0.59,-0.59,-0.59
27.23,5.57,5.57,6.15,6.16,-6.16,-5.76,-7.16,-0.59,-0.59,-0.59
27.50,5.70,5.69,6.29,6.28,-6.29,-5.87,-7.31,-0.59,-0.59,-0.59
27.77,5.82,5.82,6.41,6.41,-6.41,-5.99,-7.45,-0.59,-0.59,-0.59
28.05,5.94,5.94,6.54,6.54,-6.54,-6.10,-7.59,-0.60,-0.60,-0.60
28.33,6.06,6.05,6.67,6.66,-6.66,-6.21,-7.72,-0.60,-0.61,-0.61
28.62,6.17,6.17,6.78,6.78,-6.78,-6.33,-7.85,-0.62,-0.62,-0.61
28.90,6.27,6.27,6.88,6.90,-6.90,-6.44,-7.96,-0.63,-0.63,-0.62
29.19,6.38,6.38,7.02,7.01,-7.01,-6.55,-8.07,-0.63,-0.63,-0.64
29.48,6.48,6.47,7.13,7.12,-7.12,-6.66,-8.17,-0.64,-0.64,-0.65
29.78,6.57,6.57,7.23,7.23,-7.22,-6.77,-8.26,-0.66,-0.66,-0.66
30.08,6.65,6.65,7.33,7.33,-7.32,-6.88,-8.34,-0.67,-0.67,-0.68
30.38,6.73,6.73,7.41,7.41,-7.42,-6.99,-8.41,-0.69,-0.69,-0.68
30.68,6.81,6.80,7.50,7.50,-7.51,-7.09,-8.46,-0.70,-0.70,-0.70
30.99,6.88,6.88,7.59,7.59,-7.60,-7.19,-8.50,-0.72,-0.72,-0.71
31.30,6.95,6.95,7.68,7.68,-7.68,-7.29,-8.53,-0.73,-0.73,-0.73
31.61,7.01,7.01,7.76,7.76,-7.76,-7.39,-8.55,-0.75,-0.75,-0.75
31.93,7.07,7.07,7.83,7.84,-7.83,-7.49,-8.55,-0.76,-0.77,-0.77
32.24,7.12,7.12,7.91,7.91,-7.90,-7.59,-8.54,-0.78,-0.79,-0.79
32.57,7.16,7.16,7.98,7.98,-7.97,-7.68,-8.52,-0.81,-0.81,-0.82
32.89,7.20,7.20,8.04,8.03,-8.03,-7.77,-8.49,-0.83,-0.83,-0.84
33.22,7.23,7.23,8.08,8.09,-8.09,-7.85,-8.44,-0.86,-0.86,-0.86
33.55,7.26,7.26,8.14,8.14,-8.15,-7.94,-8.39,-0.89,-0.89,-0.88
33.89,7.29,7.29,8.20,8.19,-8.20,-8.02,-8.33,-0.91,-0.92,-0.91
34.23,7.32,7.32,8.25,8.25,-8.26,-8.10,-8.26,-0.94,-0.94,-0.93
34.57,7.35,7.35,8.31,8.31,-8.31,-8.17,-8.18,-0.97,-0.96,-0.96
34.92,7.39,7.38,8.37,8.37,-8.37,-8.24,-8.10,-0.98,-0.98,-0.98
35.27,7.42,7.42,8.43,8.43,-8.43,-8.30,-8.01,-1.01,-1.01,-1.01
35.62,7.46,7.45,8.49,8.48,-8.48,-8.37,-7.92,-1.03,-1.03,-1.03
35.97,7.49,7.49,8.53,8.53,-8.54,-8.42,-7.83,-1.05,-1.05,-1.04
36.33,7.53,7.53,8.58,8.58,-8.59,-8.48,-7.73,-1.07,-1.06,-1.06
36.70,7.57,7.57,8.64,8.63,-8.64,-8.52,-7.64,-1.07,-1.07,-1.07
37.06,7.60,7.60,8.68,8.68,-8.68,-8.57,-7.54,-1.08,-1.07,-1.08
37.43,7.63,7.62,8.72,8.71,-8.70,-8.61,-7.44,-1.07,-1.08,-1.09
37.81,7.64,7.63,8.74,8.74,-8.72,-8.64,-7.34,-1.08,-1.08,-1.10
38.19,7.63,7.63,8.73,8.74,-8.72,-8.67,-7.25,-1.09,-1.09,-1.11
38.57,7.62,7.61,8.73,8.72,-8.72,-8.69,-7.16,-1.10,-1.10,-1.11
38.95,7.59,7.59,8.69,8.70,-8.70,-8.71,-7.07,-1.11,-1.11,-1.11
39.34,7.56,7.56,8.67,8.67,-8.68,-8.72,-6.98,-1.12,-1.12,-1.11
39.74,7.53,7.53,8.63,8.64,-8.65,-8.73,-6.89,-1.12,-1.12,-1.11
40.14,7.50,7.50,8.61,8.61,-8.61,-8.73,-6.81,-1.12,-1.11,-1.11
40.54,7.47,7.47,8.57,8.58,-8.58,-8.73,-6.74,-1.11,-1.11,-1.11
40.94,7.44,7.44,8.55,8.54,-8.55,-8.72,-6.66,-1.11,-1.11,-1.11
41.35,7.40,7.40,8.51,8.51,-8.51,-8.71,-6.59,-1.11,-1.11,-1.11
41.76,7.37,7.36,8.47,8.48,-8.48,-8.69,-6.53,-1.11,-1.11,-1.11
42.18,7.33,7.33,8.45,8.44,-8.44,-8.67,-6.47,-1.12,-1.12,-1.12
42.60,7.29,7.29,8.41,8.41,-8.41,-8.65,-6.41,-1.12,-1.12,-1.12
43.03,7.25,7.24,8.37,8.37,-8.37,-8.61,-6.36,-1.12,-1.12,-1.13
43.46,7.20,7.20,8.33,8.33,-8.33,-8.58,-6.31,-1.13,-1.13,-1.13
43.90,7.15,7.15,8.29,8.29,-8.29,-8.54,-6.27,-1.14,-1.14,-1.14
44.33,7.10,7.09,8.24,8.24,-8.24,-8.49,-6.23,-1.15,-1.15,-1.15
44.78,7.04,7.04,8.19,8.20,-8.20,-8.45,-6.20,-1.16,-1.16,-1.16
45.23,6.98,6.98,8.14,8.15,-8.15,-8.39,-6.17,-1.17,-1.17,-1.16
45.68,6.92,6.92,8.10,8.09,-8.09,-8.34,-6.15,-1.18,-1.18,-1.18
46.13,6.85,6.85,8.04,8.04,-8.04,-8.28,-6.13,-1.19,-1.19,-1.19
46.60,6.78,6.78,7.98,7.98,-7.98,-8.22,-6.12,-1.20,-1.21,-1.20
47.06,6.70,6.70,7.92,7.92,-7.92,-8.15,-6.10,-1.22,-1.22,-1.22
47.53,6.62,6.62,7.86,7.86,-7.86,-8.08,-6.10,-1.24,-1.24,-1.24
48.01,6.54,6.53,7.80,7.79,-7.79,-8.01,-6.10,-1.25,-1.26,-1.26
48.49,6.45,6.45,7.72,7.72,-7.72,-7.94,-6.10,-1.27,-1.27,-1.27
48.97,6.36,6.36,7.65,7.65,-7.65,-7.87,-6.11,-1.29,-1.29,-1.29
49.46,6.27,6.27,7.58,7.57,-7.58,-7.79,-6.11,-1.31,-1.31,-1.31
49.96,6.18,6.17,7.49,7.50,-7.50,-7.71,-6.13,-1.32,-1.33,-1.32
50.46,6.08,6.08,7.42,7.42,-7.42,-7.63,-6.14,-1.34,-1.34,-1.34
50.96,5.98,5.98,7.34,7.34,-7.34,-7.55,-6.16,-1.36,-1.36,-1.36
51.47,5.88,5.87,7.27,7.26,-7.26,-7.47,-6.18,-1.38,-1.38,-1.39
51.99,5.77,5.77,7.18,7.17,-7.17,-7.39,-6.21,-1.40,-1.41,-1.41
52.51,5.65,5.65,7.08,7.08,-7.08,-7.30,-6.23,-1.43,-1.43,-1.43
53.03,5.54,5.54,6.98,6.99,-6.99,-7.22,-6.26,-1.46,-1.46,-1.45
53.56,5.42,5.42,6.90,6.89,-6.90,-7.13,-6.28,-1.48,-1.48,-1.48
54.10,5.30,5.30,6.79,6.80,-6.80,-7.05,-6.31,-1.50,-1.50,-1.50
54.64,5.18,5.18,6.71,6.70,-6.70,-6.96,-6.34,-1.52,-1.53,-1.53
55.18,5.05,5.05,6.60,6.60,-6.59,-6.88,-6.36,-1.55,-1.55,-1.55
55.74,4.91,4.91,6.48,6.49,-6.48,-6.79,-6.39,-1.57,-1.57,-1.58
56.29,4.77,4.77,6.37,6.37,-6.36,-6.70,-6.41,-1.59,-1.59,-1.60
56.86,4.62,4.62,6.25,6.25,-6.24,-6.62,-6.43,-1.62,-1.62,-1.63
57.42,4.47,4.46,6.13,6.12,-6.11,-6.53,-6.45,-1.64,-1.64,-1.66
58.00,4.30,4.30,5.98,5.98,-5.98,-6.45,-6.47,-1.68,-1.68,-1.68
58.58,4.14,4.14,5.84,5.84,-5.85,-6.37,-6.48,-1.71,-1.71,-1.70
59.16,3.98,3.98,5.70,5.70,-5.72,-6.28,-6.49,-1.75,-1.74,-1.72
59.76,3.84,3.84,5.59,5.59,-5.60,-6.20,-6.49,-1.76,-1.76,-1.75
60.35,3.71,3.70,5.48,5.48,-5.48,-6.12,-6.49,-1.78,-1.78,-1.77
60.96,3.58,3.58,5.37,5.38,-5.37,-6.04,-6.48,-1.80,-1.79,-1.79
61.57,3.46,3.46,5.28,5.28,-5.27,-5.96,-6.47,-1.81,-1.81,-1.82
62.18,3.34,3.33,5.19,5.18,-5.17,-5.88,-6.45,-1.83,-1.84,-1.85
62.80,3.21,3.21,5.07,5.08,-5.07,-5.81,-6.42,-1.86,-1.86,-1.87
63.43,3.09,3.09,4.98,4.98,-4.98,-5.73,-6.39,-1.89,-1.89,-1.89
64.07,2.97,2.97,4.89,4.88,-4.89,-5.66,-6.36,-1.92,-1.92,-1.92
64.71,2.86,2.86,4.80,4.80,-4.80,-5.59,-6.31,-1.94,-1.94,-1.94
65.35,2.76,2.76,4.72,4.72,-4.72,-5.52,-6.27,-1.97,-1.97,-1.96
66.01,2.67,2.66,4.65,4.64,-4.65,-5.45,-6.21,-1.98,-1.99,-1.98
66.67,2.58,2.58,4.58,4.58,-4.59,-5.38,-6.16,-2.01,-2.01,-2.00
67.33,2.50,2.50,4.52,4.52,-4.53,-5.31,-6.09,-2.03,-2.03,-2.02
68.01,2.44,2.43,4.49,4.48,-4.48,-5.25,-6.03,-2.04,-2.05,-2.05
68.69,2.37,2.37,4.44,4.44,-4.43,-5.19,-5.96,-2.06,-2.06,-2.07
69.37,2.31,2.31,4.40,4.40,-4.39,-5.13,-5.88,-2.08,-2.08,-2.09
70.07,2.25,2.24,4.35,4.35,-4.34,-5.07,-5.81,-2.10,-2.10,-2.10
70.77,2.18,2.18,4.31,4.31,-4.30,-5.01,-5.73,-2.12,-2.12,-2.13
71.48,2.11,2.11,4.27,4.27,-4.26,-4.96,-5.65,-2.15,-2.15,-2.16
72.19,2.05,2.04,4.23,4.22,-4.22,-4.91,-5.57,-2.17,-2.18,-2.18
72.91,1.98,1.98,4.18,4.18,-4.19,-4.86,-5.49,-2.21,-2.21,-2.20
73.64,1.93,1.93,4.15,4.15,-4.16,-4.81,-5.41,-2.23,-2.23,-2.22
74.38,1.89,1.89,4.13,4.13,-4.14,-4.77,-5.33,-2.26,-2.26,-2.24
75.12,1.86,1.86,4.12,4.12,-4.13,-4.73,-5.24,-2.28,-2.28,-2.27
75.87,1.83,1.83,4.12,4.13,-4.13,-4.69,-5.16,-2.30,-2.30,-2.30
76.63,1.82,1.82,4.14,4.14,-4.13,-4.65,-5.09,-2.31,-2.31,-2.33
77.40,1.81,1.81,4.17,4.16,-4.14,-4.62,-5.01,-2.34,-2.34,-2.36
78.17,1.80,1.79,4.19,4.18,-4.17,-4.59,-4.93,-2.37,-2.37,-2.39
78.95,1.78,1.78,4.20,4.20,-4.20,-4.57,-4.86,-2.43,-2.43,-2.42
79.74,1.77,1.77,4.22,4.22,-4.25,-4.54,-4.79,-2.48,-2.48,-2.46
80.54,1.76,1.77,4.25,4.26,-4.30,-4.52,-4.72,-2.54,-2.53,-2.49
81.35,1.79,1.79,4.33,4.33,-4.35,-4.51,-4.65,-2.57,-2.56,-2.54
82.16,1.83,1.83,4.42,4.42,-4.41,-4.50,-4.59,-2.58,-2.58,-2.59
82.98,1.87,1.86,4.51,4.51,-4.47,-4.49,-4.53,-2.60,-2.61,-2.65
83.81,1.88,1.87,4.58,4.57,-4.53,-4.49,-4.47,-2.65,-2.66,-2.70
84.65,1.86,1.86,4.61,4.61,-4.59,-4.50,-4.41,-2.73,-2.73,-2.75
85.50,1.84,1.84,4.65,4.65,-4.66,-4.51,-4.36,-2.82,-2.81,-2.81
86.35,1.83,1.83,4.69,4.69,-4.72,-4.52,-4.31,-2.89,-2.89,-2.86
87.22,1.84,1.84,4.76,4.76,-4.79,-4.54,-4.27,-2.95,-2.95,-2.92
88.09,1.86,1.86,4.84,4.84,-4.86,-4.57,-4.22,-3.00,-3.01,-2.98
88.97,1.88,1.88,4.93,4.93,-4.94,-4.61,-4.19,-3.06,-3.06,-3.05
89.86,1.90,1.90,5.02,5.02,-5.02,-4.65,-4.15,-3.12,-3.12,-3.12
90.76,1.92,1.92,5.12,5.11,-5.10,-4.70,-4.12,-3.18,-3.18,-3.20
91.66,1.93,1.93,5.19,5.19,-5.18,-4.75,-4.09,-3.25,-3.25,-3.27
92.58,1.94,1.94,5.26,5.26,-5.25,-4.81,-4.06,-3.32,-3.32,-3.32
93.51,1.94,1.94,5.32,5.32,-5.32,-4.87,-4.04,-3.38,-3.38,-3.38
94.44,1.93,1.93,5.36,5.37,-5.37,-4.93,-4.02,-3.44,-3.44,-3.44
95.39,1.91,1.91,5.41,5.41,-5.40,-4.99,-4.00,-3.49,-3.49,-3.50
96.34,1.87,1.87,5.43,5.43,-5.42,-5.04,-3.98,-3.55,-3.55,-3.57
97.30,1.82,1.81,5.45,5.44,-5.43,-5.08,-3.97,-3.61,-3.61,-3.63
98.28,1.75,1.75,5.43,5.44,-5.43,-5.10,-3.96,-3.68,-3.68,-3.69
99.26,1.67,1.67,5.42,5.42,-5.43,-5.11,-3.95,-3.76,-3.75,-3.75
100.25,1.60,1.60,5.40,5.40,-5.42,-5.09,-3.94,-3.82,-3.82,-3.80
101.25,1.53,1.53,5.39,5.39,-5.41,-5.05,-3.94,-3.88,-3.88,-3.86
102.27,1.47,1.47,5.38,5.38,-5.40,-4.99,-3.94,-3.93,-3.93,-3.91
103.29,1.42,1.41,5.37,5.38,-5.39,-4.92,-3.93,-3.97,-3.98,-3.96
104.32,1.36,1.36,5.38,5.37,-5.38,-4.83,-3.93,-4.03,-4.03,-4.02
105.37,1.30,1.30,5.37,5.37,-5.37,-4.74,-3.93,-4.07,-4.07,-4.07
106.42,1.23,1.23,5.34,5.35,-5.35,-4.64,-3.93,-4.12,-4.12,-4.12
107.48,1.15,1.15,5.32,5.32,-5.31,-4.54,-3.93,-4.16,-4.16,-4.17
108.56,1.05,1.05,5.27,5.27,-5.25,-4.43,-3.93,-4.20,-4.20,-4.22
109.64,0.93,0.92,5.20,5.19,-5.17,-4.33,-3.93,-4.24,-4.25,-4.27
110.74,0.77,0.76,5.09,5.08,-5.07,-4.24,-3.93,-4.30,-4.31,-4.32
111.85,0.56,0.56,4.93,4.94,-4.94,-4.15,-3.93,-4.38,-4.37,-4.38
112.97,0.34,0.34,4.77,4.77,-4.78,-4.07,-3.92,-4.45,-4.44,-4.43
114.10,0.11,0.11,4.58,4.59,-4.60,-3.99,-3.92,-4.49,-4.49,-4.48
115.24,-0.14,-0.14,4.40,4.39,-4.39,-3.92,-3.91,-4.53,-4.53,-4.54
116.39,-0.40,-0.41,4.17,4.17,-4.15,-3.85,-3.90,-4.55,-4.56,-4.58
117.55,-0.71,-0.71,3.92,3.92,-3.88,-3.78,-3.88,-4.59,-4.59,-4.63
118.73,-1.04,-1.04,3.64,3.64,-3.59,-3.72,-3.86,-4.63,-4.63,-4.68
119.92,-1.40,-1.40,3.33,3.33,-3.27,-3.67,-3.84,-4.67,-4.68,-4.73
121.12,-1.78,-1.79,3.01,3.00,-2.96,-3.62,-3.81,-4.74,-4.75,-4.79
122.33,-2.18,-2.19,2.66,2.65,-2.65,-3.57,-3.78,-4.83,-4.84,-4.84
123.55,-2.57,-2.56,2.32,2.33,-2.37,-3.52,-3.75,-4.95,-4.94,-4.89
124.79,-2.89,-2.89,2.04,2.05,-2.14,-3.47,-3.71,-5.03,-5.03,-4.93
126.03,-3.14,-3.13,1.84,1.86,-1.96,-3.43,-3.66,-5.10,-5.09,-4.99
127.29,-3.28,-3.28,1.75,1.76,-1.84,-3.39,-3.61,-5.12,-5.12,-5.04
128.57,-3.35,-3.36,1.73,1.73,-1.78,-3.35,-3.56,-5.13,-5.13,-5.08
129.85,-3.38,-3.38,1.77,1.77,-1.77,-3.31,-3.50,-5.15,-5.15,-5.15
131.15,-3.38,-3.39,1.83,1.82,-1.80,-3.27,-3.44,-5.18,-5.19,-5.21
132.46,-3.38,-3.38,1.89,1.89,-1.86,-3.23,-3.37,-5.24,-5.24,-5.27
133.79,-3.36,-3.36,1.96,1.97,-1.92,-3.19,-3.30,-5.29,-5.28,-5.33
135.12,-3.34,-3.35,2.04,2.03,-1.99,-3.15,-3.23,-5.33,-5.33,-5.38
136.48,-3.34,-3.35,2.08,2.08,-2.04,-3.12,-3.15,-5.38,-5.39,-5.43
137.84,-3.38,-3.38,2.10,2.10,-2.09,-3.08,-3.07,-5.47,-5.47,-5.48
139.22,-3.43,-3.43,2.11,2.11,-2.13,-3.04,-2.98,-5.56,-5.56,-5.54
140.61,-3.48,-3.48,2.11,2.12,-2.15,-3.00,-2.89,-5.64,-5.63,-5.60
142.02,-3.52,-3.52,2.13,2.14,-2.17,-2.96,-2.81,-5.69,-5.69,-5.65
143.44,-3.54,-3.55,2.17,2.16,-2.18,-2.92,-2.71,-5.72,-5.72,-5.71
144.87,-3.58,-3.58,2.19,2.18,-2.17,-2.88,-2.62,-5.75,-5.75,-5.77
146.32,-3.63,-3.63,2.18,2.18,-2.14,-2.84,-2.52,-5.77,-5.78,-5.81
147.78,-3.71,-3.72,2.15,2.14,-2.10,-2.80,-2.43,-5.81,-5.82,-5.86
149.26,-3.82,-3.83,2.07,2.07,-2.04,-2.76,-2.33,-5.86,-5.87,-5.90
150.75,-3.97,-3.97,1.98,1.98,-1.97,-2.72,-2.23,-5.94,-5.94,-5.95
152.26,-4.13,-4.13,1.86,1.86,-1.87,-2.67,-2.13,-6.00,-6.00,-5.99
153.78,-4.29,-4.29,1.73,1.74,-1.76,-2.63,-2.02,-6.05,-6.05,-6.03
155.32,-4.44,-4.44,1.63,1.63,-1.64,-2.58,-1.92,-6.09,-6.08,-6.07
156.88,-4.57,-4.57,1.53,1.53,-1.53,-2.54,-1.82,-6.10,-6.10,-6.10
158.44,-4.69,-4.70,1.45,1.43,-1.43,-2.49,-1.72,-6.12,-6.13,-6.14
160.03,-4.83,-4.84,1.34,1.33,-1.34,-2.44,-1.62,-6.17,-6.18,-6.17
161.63,-4.97,-4.97,1.22,1.23,-1.27,-2.39,-1.52,-6.24,-6.23,-6.19
163.24,-5.08,-5.07,1.14,1.15,-1.20,-2.34,-1.41,-6.28,-6.27,-6.22
164.88,-5.14,-5.13,1.11,1.12,-1.14,-2.28,-1.31,-6.28,-6.27,-6.25
166.53,-5.17,-5.17,1.10,1.10,-1.08,-2.23,-1.21,-6.25,-6.25,-6.27
168.19,-5.20,-5.22,1.10,1.08,-1.02,-2.17,-1.11,-6.22,-6.24,-6.30
169.87,-5.29,-5.31,1.02,1.01,-0.96,-2.12,-1.01,-6.25,-6.27,-6.32
171.57,-5.42,-5.42,0.92,0.92,-0.91,-2.06,-0.91,-6.33,-6.33,-6.34
173.29,-5.55,-5.53,0.81,0.83,-0.85,-2.00,-0.81,-6.41,-6.39,-6.36
175.02,-5.62,-5.62,0.75,0.76,-0.80,-1.93,-0.71,-6.42,-6.42,-6.38
176.77,-5.67,-5.68,0.73,0.72,-0.75,-1.87,-0.61,-6.42,-6.43,-6.40
178.54,-5.72,-5.72,0.69,0.69,-0.70,-1.80,-0.51,-6.43,-6.43,-6.41
180.32,-5.76,-5.76,0.67,0.67,-0.67,-1.74,-0.41,-6.43,-6.43,-6.43
182.13,-5.80,-5.80,0.65,0.65,-0.64,-1.67,-0.31,-6.44,-6.44,-6.45
183.95,-5.83,-5.84,0.64,0.63,-0.62,-1.60,-0.21,-6.45,-6.45,-6.47
185.79,-5.88,-5.88,0.60,0.60,-0.59,-1.52,-0.11,-6.48,-6.47,-6.48
187.65,-5.93,-5.93,0.56,0.57,-0.57,-1.45,-0.02,-6.50,-6.49,-6.49
189.52,-5.97,-5.98,0.53,0.53,-0.53,-1.37,0.08,-6.51,-6.51,-6.50
191.42,-6.02,-6.03,0.50,0.49,-0.49,-1.30,0.18,-6.52,-6.52,-6.52
193.33,-6.08,-6.08,0.45,0.45,-0.45,-1.21,0.27,-6.53,-6.53,-6.53
195.27,-6.14,-6.14,0.40,0.40,-0.40,-1.13,0.37,-6.54,-6.53,-6.54
197.22,-6.19,-6.19,0.36,0.36,-0.35,-1.05,0.46,-6.54,-6.54,-6.55
199.19,-6.25,-6.26,0.30,0.30,-0.29,-0.96,0.56,-6.55,-6.55,-6.56
201.18,-6.33,-6.34,0.24,0.23,-0.24,-0.87,0.65,-6.57,-6.58,-6.57
203.19,-6.42,-6.41,0.16,0.17,-0.18,-0.78,0.74,-6.61,-6.60,-6.58
205.23,-6.48,-6.48,0.11,0.12,-0.13,-0.69,0.83,-6.61,-6.60,-6.59
207.28,-6.52,-6.52,0.08,0.07,-0.07,-0.60,0.92,-6.59,-6.59,-6.60
209.35,-6.56,-6.57,0.04,0.03,-0.02,-0.50,1.01,-6.58,-6.59,-6.60
211.44,-6.62,-6.63,-0.01,-0.02,0.03,-0.40,1.10,-6.59,-6.60,-6.61
213.56,-6.69,-6.69,-0.08,-0.08,0.07,-0.30,1.18,-6.62,-6.62,-6.61
215.69,-6.75,-6.74,-0.14,-0.13,0.11,-0.20,1.26,-6.64,-6.64,-6.61
217.85,-6.78,-6.78,-0.16,-0.17,0.14,-0.09,1.34,-6.64,-6.64,-6.62
220.03,-6.80,-6.80,-0.18,-0.19,0.17,0.01,1.42,-6.63,-6.63,-6.62
222.23,-6.81,-6.81,-0.20,-0.20,0.20,0.12,1.50,-6.61,-6.61,-6.61
224.45,-6.82,-6.83,-0.21,-0.21,0.22,0.23,1.57,-6.60,-6.61,-6.61
226.70,-6.84,-6.84,-0.23,-0.24,0.24,0.34,1.64,-6.60,-6.60,-6.61
228.96,-6.87,-6.87,-0.28,-0.27,0.27,0.45,1.70,-6.61,-6.61,-6.60
231.25,-6.90,-6.90,-0.31,-0.30,0.30,0.57,1.76,-6.60,-6.60,-6.60
233.57,-6.94,-6.94,-0.35,-0.35,0.35,0.68,1.82,-6.59,-6.59,-6.60
235.90,-6.98,-6.99,-0.39,-0.39,0.42,0.80,1.87,-6.57,-6.57,-6.60
238.26,-7.06,-7.06,-0.47,-0.47,0.50,0.92,1.92,-6.56,-6.56,-6.59
240.64,-7.15,-7.15,-0.56,-0.56,0.59,1.04,1.96,-6.56,-6.56,-6.59
243.05,-7.26,-7.27,-0.68,-0.69,0.70,1.15,2.00,-6.56,-6.57,-6.58
245.48,-7.39,-7.39,-0.82,-0.82,0.81,1.27,2.03,-6.58,-6.58,-6.57
247.93,-7.51,-7.50,-0.95,-0.95,0.93,1.39,2.06,-6.59,-6.58,-6.56
250.41,-7.61,-7.61,-1.07,-1.06,1.03,1.51,2.08,-6.58,-6.57,-6.55
252.92,-7.68,-7.70,-1.14,-1.16,1.12,1.62,2.10,-6.56,-6.57,-6.54
255.45,-7.77,-7.78,-1.24,-1.25,1.20,1.73,2.11,-6.57,-6.57,-6.53
258.00,-7.85,-7.84,-1.33,-1.32,1.28,1.84,2.12,-6.58,-6.56,-6.52
260.58,-7.89,-7.87,-1.38,-1.36,1.35,1.95,2.13,-6.54,-6.52,-6.52
263.19,-7.88,-7.89,-1.37,-1.38,1.43,2.06,2.12,-6.46,-6.46,-6.51
265.82,-7.90,-7.93,-1.40,-1.42,1.51,2.15,2.12,-6.40,-6.42,-6.50
268.48,-8.00,-8.01,-1.51,-1.52,1.59,2.25,2.11,-6.42,-6.43,-6.49
271.16,-8.14,-8.14,-1.66,-1.66,1.66,2.34,2.09,-6.48,-6.47,-6.48
273.87,-8.28,-8.27,-1.82,-1.80,1.74,2.43,2.07,-6.54,-6.53,-6.47
276.61,-8.37,-8.36,-1.91,-1.90,1.82,2.50,2.05,-6.55,-6.54,-6.46
279.38,-8.42,-8.43,-1.97,-1.97,1.91,2.57,2.03,-6.51,-6.51,-6.46
282.17,-8.46,-8.46,-2.00,-2.00,2.00,2.64,2.00,-6.46,-6.46,-6.46
284.99,-8.50,-8.50,-2.05,-2.04,2.10,2.69,1.97,-6.40,-6.40,-6.46
287.84,-8.55,-8.56,-2.09,-2.10,2.19,2.74,1.94,-6.37,-6.38,-6.46
290.72,-8.65,-8.67,-2.20,-2.21,2.27,2.78,1.91,-6.39,-6.40,-6.46
293.63,-8.80,-8.81,-2.34,-2.35,2.34,2.81,1.87,-6.46,-6.46,-6.46
296.57,-8.95,-8.93,-2.50,-2.48,2.42,2.83,1.83,-6.54,-6.52,-6.45
299.53,-9.04,-9.02,-2.58,-2.56,2.49,2.85,1.80,-6.55,-6.53,-6.46
302.53,-9.05,-9.06,-2.59,-2.61,2.56,2.85,1.76,-6.49,-6.50,-6.46
305.55,-9.07,-9.08,-2.62,-2.62,2.62,2.85,1.72,-6.45,-6.46,-6.46
308.61,-9.10,-9.10,-2.64,-2.64,2.67,2.84,1.68,-6.43,-6.43,-6.46
311.69,-9.13,-9.13,-2.67,-2.67,2.71,2.82,1.64,-6.42,-6.42,-6.46
314.81,-9.17,-9.18,-2.72,-2.71,2.74,2.79,1.60,-6.43,-6.43,-6.46
317.96,-9.22,-9.23,-2.76,-2.77,2.77,2.76,1.56,-6.45,-6.46,-6.46
321.14,-9.30,-9.29,-2.84,-2.83,2.80,2.72,1.52,-6.50,-6.49,-6.46
324.35,-9.35,-9.34,-2.90,-2.88,2.84,2.67,1.48,-6.51,-6.50,-6.46
327.59,-9.36,-9.36,-2.90,-2.90,2.89,2.62,1.45,-6.48,-6.47,-6.46
330.87,-9.36,-9.37,-2.90,-2.91,2.94,2.57,1.41,-6.42,-6.42,-6.46
334.18,-9.38,-9.39,-2.94,-2.94,3.01,2.51,1.37,-6.37,-6.38,-6.45
337.52,-9.43,-9.44,-2.99,-3.00,3.07,2.45,1.34,-6.36,-6.37,-6.44
340.90,-9.51,-9.52,-3.08,-3.09,3.13,2.38,1.30,-6.39,-6.40,-6.43
344.30,-9.61,-9.61,-3.19,-3.19,3.17,2.31,1.27,-6.45,-6.44,-6.42
347.75,-9.68,-9.67,-3.29,-3.27,3.19,2.24,1.24,-6.49,-6.48,-6.40
351.23,-9.68,-9.67,-3.29,-3.29,3.19,2.17,1.21,-6.49,-6.48,-6.39
354.74,-9.61,-9.61,-3.24,-3.24,3.17,2.10,1.18,-6.44,-6.44,-6.37
358.28,-9.50,-9.50,-3.14,-3.14,3.14,2.02,1.15,-6.37,-6.36,-6.36
361.87,-9.37,-9.37,-3.03,-3.03,3.08,1.95,1.12,-6.29,-6.29,-6.34
365.49,-9.23,-9.24,-2.93,-2.93,3.01,1.87,1.09,-6.23,-6.24,-6.31
369.14,-9.13,-9.14,-2.84,-2.85,2.91,1.80,1.07,-6.22,-6.23,-6.29
372.83,-9.06,-9.07,-2.79,-2.80,2.81,1.72,1.04,-6.25,-6.26,-6.27
376.56,-9.01,-9.00,-2.76,-2.75,2.71,1.65,1.02,-6.30,-6.29,-6.25
380.33,-8.92,-8.91,-2.69,-2.67,2.61,1.57,0.99,-6.31,-6.30,-6.23
384.13,-8.77,-8.77,-2.56,-2.56,2.51,1.50,0.97,-6.26,-6.25,-6.21
387.97,-8.59,-8.59,-2.41,-2.40,2.41,1.42,0.95,-6.18,-6.18,-6.19
391.85,-8.41,-8.42,-2.24,-2.26,2.30,1.35,0.93,-6.11,-6.12,-6.17
395.77,-8.27,-8.28,-2.12,-2.14,2.19,1.28,0.91,-6.08,-6.09,-6.15
399.73,-8.17,-8.17,-2.04,-2.04,2.07,1.21,0.89,-6.10,-6.11,-6.13
403.72,-8.08,-8.07,-1.96,-1.95,1.95,1.14,0.87,-6.14,-6.13,-6.12
407.76,-7.96,-7.95,-1.86,-1.85,1.82,1.06,0.85,-6.14,-6.13,-6.10
411.84,-7.80,-7.81,-1.72,-1.72,1.69,0.99,0.84,-6.11,-6.12,-6.08
415.96,-7.63,-7.64,-1.58,-1.58,1.56,0.92,0.82,-6.08,-6.08,-6.06
420.12,-7.46,-7.46,-1.42,-1.42,1.41,0.85,0.80,-6.05,-6.05,-6.05
424.32,-7.28,-7.28,-1.25,-1.25,1.26,0.78,0.79,-6.03,-6.02,-6.03
428.56,-7.09,-7.09,-1.08,-1.08,1.09,0.71,0.77,-6.00,-6.00,-6.01
432.85,-6.90,-6.90,-0.91,-0.91,0.92,0.64,0.75,-5.98,-5.98,-5.99
437.18,-6.71,-6.72,-0.74,-0.74,0.75,0.57,0.74,-5.96,-5.97,-5.97
441.55,-6.54,-6.54,-0.58,-0.58,0.58,0.49,0.72,-5.96,-5.96,-5.96
445.96,-6.37,-6.37,-0.43,-0.43,0.42,0.42,0.71,-5.96,-5.95,-5.94
450.42,-6.19,-6.19,-0.27,-0.27,0.25,0.34,0.69,-5.94,-5.93,-5.92
454.93,-6.00,-6.00,-0.11,-0.11,0.10,0.26,0.67,-5.90,-5.90,-5.89
459.48,-5.82,-5.83,0.05,0.05,-0.04,0.18,0.66,-5.86,-5.86,-5.88
464.07,-5.66,-5.66,0.19,0.20,-0.17,0.10,0.64,-5.83,-5.82,-5.86
468.71,-5.51,-5.51,0.32,0.32,-0.29,0.01,0.62,-5.80,-5.80,-5.84
473.40,-5.38,-5.39,0.44,0.43,-0.41,-0.08,0.60,-5.80,-5.81,-5.82
478.13,-5.28,-5.29,0.52,0.51,-0.54,-0.17,0.58,-5.82,-5.83,-5.80
482.91,-5.20,-5.19,0.58,0.59,-0.65,-0.26,0.56,-5.86,-5.84,-5.78
487.74,-5.07,-5.05,0.69,0.71,-0.76,-0.35,0.54,-5.83,-5.81,-5.76
492.62,-4.89,-4.90,0.85,0.84,-0.86,-0.45,0.52,-5.75,-5.75,-5.74
497.55,-4.72,-4.73,1.00,0.98,-0.94,-0.54,0.50,-5.66,-5.68,-5.72
502.52,-4.60,-4.61,1.09,1.09,-1.01,-0.63,0.47,-5.62,-5.62,-5.69
507.55,-4.53,-4.54,1.14,1.13,-1.08,-0.71,0.45,-5.61,-5.62,-5.67
512.62,-4.50,-4.50,1.14,1.14,-1.13,-0.78,0.42,-5.63,-5.63,-5.64
517.75,-4.49,-4.48,1.12,1.14,-1.16,-0.84,0.40,-5.66,-5.65,-5.61
522.93,-4.45,-4.45,1.14,1.14,-1.19,-0.89,0.37,-5.64,-5.64,-5.59
528.16,-4.40,-4.40,1.16,1.16,-1.20,-0.91,0.34,-5.60,-5.60,-5.56
533.44,-4.34,-4.33,1.18,1.19,-1.21,-0.93,0.31,-5.55,-5.54,-5.53
538.77,-4.26,-4.27,1.22,1.22,-1.21,-0.92,0.28,-5.48,-5.49,-5.49
544.16,-4.21,-4.22,1.23,1.23,-1.22,-0.91,0.25,-5.43,-5.43,-5.45
549.60,-4.18,-4.18,1.22,1.22,-1.20,-0.88,0.21,-5.39,-5.39,-5.41
555.10,-4.17,-4.16,1.19,1.20,-1.17,-0.84,0.18,-5.35,-5.34,-5.37
560.65,-4.16,-4.16,1.16,1.17,-1.13,-0.80,0.14,-5.29,-5.29,-5.33
566.25,-4.16,-4.18,1.13,1.11,-1.07,-0.76,0.11,-5.24,-5.26,-5.29
571.92,-4.22,-4.23,1.03,1.02,-1.02,-0.71,0.07,-5.24,-5.25,-5.25
577.64,-4.30,-4.29,0.91,0.91,-0.96,-0.66,0.03,-5.26,-5.25,-5.21
583.41,-4.34,-4.33,0.82,0.83,-0.91,-0.62,-0.00,-5.25,-5.23,-5.16
589.25,-4.33,-4.32,0.78,0.79,-0.85,-0.58,-0.04,-5.18,-5.17,-5.11
595.14,-4.27,-4.28,0.79,0.78,-0.79,-0.54,-0.08,-5.06,-5.07,-5.06
601.09,-4.22,-4.24,0.78,0.77,-0.73,-0.50,-0.12,-4.95,-4.96,-5.00
607.10,-4.22,-4.23,0.73,0.72,-0.66,-0.47,-0.17,-4.88,-4.89,-4.95
613.17,-4.26,-4.27,0.65,0.64,-0.59,-0.44,-0.21,-4.85,-4.85,-4.91
619.30,-4.34,-4.34,0.52,0.53,-0.50,-0.42,-0.25,-4.84,-4.84,-4.86
625.50,-4.42,-4.42,0.40,0.40,-0.40,-0.40,-0.29,-4.83,-4.82,-4.82
631.75,-4.50,-4.51,0.28,0.27,-0.29,-0.38,-0.34,-4.80,-4.80,-4.78
638.07,-4.59,-4.58,0.14,0.15,-0.18,-0.37,-0.38,-4.77,-4.76,-4.73
644.45,-4.65,-4.65,0.04,0.04,-0.06,-0.36,-0.43,-4.71,-4.71,-4.69
650.89,-4.69,-4.70,-0.05,-0.06,0.05,-0.35,-0.48,-4.64,-4.65,-4.64
657.40,-4.74,-4.74,-0.14,-0.14,0.15,-0.34,-0.52,-4.59,-4.59,-4.60
663.98,-4.79,-4.79,-0.22,-0.22,0.24,-0.34,-0.57,-4.56,-4.55,-4.57
670.62,-4.83,-4.84,-0.29,-0.29,0.31,-0.34,-0.62,-4.53,-4.53,-4.54
677.32,-4.87,-4.88,-0.36,-0.36,0.35,-0.34,-0.67,-4.52,-4.52,-4.51
684.10,-4.90,-4.90,-0.42,-0.42,0.38,-0.34,-0.72,-4.52,-4.52,-4.48
690.94,-4.90,-4.89,-0.45,-0.44,0.40,-0.34,-0.77,-4.51,-4.50,-4.45
697.85,-4.85,-4.85,-0.42,-0.42,0.39,-0.35,-0.82,-4.46,-4.46,-4.43
704.83,-4.77,-4.78,-0.37,-0.38,0.37,-0.36,-0.87,-4.40,-4.41,-4.40
711.87,-4.69,-4.69,-0.32,-0.32,0.33,-0.37,-0.92,-4.36,-4.36,-4.37
718.99,-4.62,-4.62,-0.27,-0.27,0.29,-0.38,-0.98,-4.33,-4.34,-4.35
726.18,-4.56,-4.57,-0.22,-0.23,0.24,-0.39,-1.03,-4.32,-4.33,-4.34
733.44,-4.53,-4.52,-0.20,-0.19,0.21,-0.41,-1.09,-4.33,-4.32,-4.33
740.78,-4.49,-4.48,-0.16,-0.15,0.18,-0.43,-1.14,-4.32,-4.31,-4.33
748.19,-4.44,-4.45,-0.12,-0.12,0.15,-0.45,-1.20,-4.29,-4.30,-4.32
755.67,-4.42,-4.44,-0.10,-0.11,0.13,-0.47,-1.26,-4.30,-4.31,-4.32
763.23,-4.44,-4.44,-0.11,-0.12,0.10,-0.50,-1.31,-4.34,-4.34,-4.33
770.86,-4.46,-4.45,-0.13,-0.11,0.07,-0.53,-1.37,-4.39,-4.38,-4.34
778.57,-4.44,-4.43,-0.10,-0.08,0.05,-0.56,-1.43,-4.40,-4.38,-4.35
786.35,-4.37,-4.38,-0.01,-0.01,0.01,-0.60,-1.49,-4.36,-4.36,-4.37
794.22,-4.30,-4.31,0.08,0.07,-0.03,-0.64,-1.55,-4.33,-4.34,-4.39
802.16,-4.26,-4.27,0.13,0.13,-0.08,-0.69,-1.60,-4.35,-4.36,-4.40
810.18,-4.24,-4.25,0.17,0.17,-0.16,-0.74,-1.66,-4.40,-4.40,-4.42
818.28,-4.22,-4.21,0.21,0.22,-0.24,-0.81,-1.72,-4.47,-4.45,-4.44
826.46,-4.14,-4.13,0.30,0.32,-0.35,-0.87,-1.78,-4.49,-4.48,-4.45
834.73,-4.01,-4.01,0.45,0.45,-0.47,-0.95,-1.84,-4.48,-4.48,-4.47
843.08,-3.85,-3.86,0.63,0.62,-0.62,-1.03,-1.89,-4.48,-4.48,-4.49
851.51,-3.68,-3.70,0.81,0.81,-0.81,-1.14,-1.95,-4.49,-4.51,-4.50
860.02,-3.52,-3.52,1.00,1.01,-1.03,-1.25,-2.00,-4.55,-4.55,-4.53
868.62,-3.33,-3.32,1.23,1.25,-1.29,-1.38,-2.05,-4.62,-4.61,-4.57
877.31,-3.08,-3.08,1.53,1.53,-1.57,-1.52,-2.10,-4.65,-4.65,-4.62
886.08,-2.80,-2.81,1.85,1.85,-1.87,-1.70,-2.15,-4.67,-4.68,-4.66
894.94,-2.51,-2.53,2.19,2.18,-2.17,-1.89,-2.20,-4.69,-4.70,-4.71
903.89,-2.25,-2.25,2.50,2.51,-2.48,-2.12,-2.24,-4.73,-4.73,-4.76
912.93,-1.98,-1.97,2.81,2.83,-2.78,-2.37,-2.28,-4.76,-4.74,-4.80
922.06,-1.69,-1.70,3.12,3.12,-3.07,-2.67,-2.31,-4.76,-4.77,-4.82
931.28,-1.42,-1.45,3.39,3.37,-3.35,-2.98,-2.35,-4.77,-4.80,-4.82
940.59,-1.22,-1.22,3.58,3.59,-3.62,-3.35,-2.38,-4.84,-4.84,-4.81
950.00,-1.02,-1.00,3.78,3.81,-3.87,-3.72,-2.40,-4.89,-4.87,-4.81
959.50,-0.77,-0.77,4.02,4.03,-4.11,-4.11,-2.42,-4.88,-4.87,-4.80
969.09,-0.52,-0.53,4.27,4.27,-4.31,-4.50,-2.44,-4.83,-4.84,-4.80
978.78,-0.31,-0.32,4.48,4.48,-4.48,-4.78,-2.45,-4.79,-4.79,-4.80
988.57,-0.14,-0.13,4.63,4.64,-4.59,-5.05,-2.45,-4.74,-4.73,-4.77
998.46,-0.01,-0.01,4.74,4.73,-4.65,-5.08,-2.45,-4.66,-4.66,-4.75
1008.44,0.07,0.05,4.76,4.73,-4.64,-5.09,-2.45,-4.57,-4.59,-4.69
1018.53,0.03,0.02,4.63,4.63,-4.55,-4.85,-2.44,-4.52,-4.52,-4.60
1028.71,-0.09,-0.09,4.43,4.43,-4.38,-4.59,-2.43,-4.47,-4.47,-4.52
1039.00,-0.27,-0.27,4.16,4.15,-4.14,-4.21,-2.40,-4.42,-4.42,-4.43
1049.39,-0.50,-0.50,3.84,3.84,-3.85,-3.83,-2.38,-4.35,-4.35,-4.34
1059.88,-0.75,-0.76,3.51,3.51,-3.52,-3.45,-2.35,-4.27,-4.28,-4.26
1070.48,-1.03,-1.03,3.17,3.16,-3.17,-3.07,-2.32,-4.21,-4.20,-4.20
1081.19,-1.30,-1.30,2.83,2.82,-2.84,-2.75,-2.28,-4.14,-4.14,-4.13
1092.00,-1.56,-1.57,2.49,2.49,-2.53,-2.43,-2.24,-4.09,-4.09,-4.05
1102.92,-1.79,-1.79,2.18,2.18,-2.25,-2.18,-2.20,-4.04,-4.04,-3.97
1113.95,-1.97,-1.96,1.92,1.92,-2.01,-1.93,-2.15,-3.98,-3.96,-3.89
1125.09,-2.07,-2.06,1.73,1.75,-1.79,-1.74,-2.10,-3.86,-3.85,-3.80
1136.34,-2.10,-2.11,1.62,1.61,-1.61,-1.55,-2.05,-3.71,-3.72,-3.72
1147.70,-2.13,-2.15,1.53,1.50,-1.44,-1.41,-1.99,-3.58,-3.60,-3.66
1159.18,-2.21,-2.22,1.38,1.37,-1.30,-1.26,-1.93,-3.51,-3.52,-3.59
1170.77,-2.31,-2.31,1.23,1.23,-1.17,-1.15,-1.87,-3.48,-3.48,-3.54
1182.48,-2.40,-2.40,1.09,1.09,-1.06,-1.04,-1.81,-3.47,-3.46,-3.49
1194.30,-2.46,-2.46,0.98,0.97,-0.98,-0.95,-1.75,-3.44,-3.44,-3.44
1206.25,-2.50,-2.51,0.89,0.88,-0.92,-0.87,-1.69,-3.43,-3.43,-3.39
1218.31,-2.51,-2.52,0.83,0.83,-0.91,-0.80,-1.62,-3.42,-3.42,-3.34
1230.49,-2.48,-2.47,0.83,0.84,-0.93,-0.73,-1.56,-3.41,-3.40,-3.31
1242.80,-2.37,-2.35,0.91,0.92,-0.99,-0.67,-1.49,-3.36,-3.34,-3.28
1255.22,-2.18,-2.19,1.07,1.06,-1.08,-0.62,-1.43,-3.26,-3.26,-3.25
1267.78,-1.99,-2.01,1.24,1.22,-1.17,-0.58,-1.36,-3.17,-3.18,-3.23
1280.45,-1.84,-1.84,1.37,1.37,-1.28,-0.53,-1.29,-3.12,-3.12,-3.21
1293.26,-1.72,-1.72,1.48,1.47,-1.38,-0.50,-1.23,-3.11,-3.11,-3.20
1306.19,-1.63,-1.65,1.55,1.52,-1.48,-0.46,-1.16,-3.11,-3.13,-3.18
1319.25,-1.61,-1.62,1.55,1.55,-1.56,-0.43,-1.10,-3.17,-3.17,-3.16
1332.45,-1.60,-1.58,1.55,1.57,-1.62,-0.40,-1.03,-3.22,-3.20,-3.15
1345.77,-1.53,-1.52,1.61,1.62,-1.67,-0.38,-0.97,-3.20,-3.18,-3.14
1359.23,-1.41,-1.43,1.71,1.69,-1.71,-0.35,-0.90,-3.12,-3.14,-3.12
1372.82,-1.32,-1.34,1.76,1.74,-1.75,-0.33,-0.84,-3.07,-3.08,-3.08
1386.55,-1.26,-1.26,1.78,1.78,-1.78,-0.31,-0.77,-3.04,-3.04,-3.04
1400.41,-1.20,-1.19,1.80,1.81,-1.80,-0.29,-0.71,-3.01,-2.99,-3.00
1414.42,-1.12,-1.13,1.84,1.83,-1.81,-0.27,-0.65,-2.93,-2.94,-2.96
1428.56,-1.07,-1.08,1.85,1.83,-1.80,-0.26,-0.59,-2.87,-2.88,-2.92
1442.85,-1.06,-1.06,1.80,1.80,-1.76,-0.24,-0.52,-2.83,-2.83,-2.86
1457.28,-1.07,-1.06,1.72,1.72,-1.71,-0.23,-0.46,-2.78,-2.78,-2.79
1471.85,-1.07,-1.07,1.64,1.63,-1.65,-0.22,-0.40,-2.72,-2.72,-2.71
1486.57,-1.07,-1.08,1.54,1.54,-1.57,-0.20,-0.34,-2.64,-2.64,-2.61
1501.43,-1.07,-1.07,1.44,1.44,-1.48,-0.19,-0.28,-2.55,-2.55,-2.51
1516.45,-1.07,-1.06,1.33,1.34,-1.37,-0.18,-0.22,-2.44,-2.43,-2.40
1531.61,-1.05,-1.05,1.25,1.25,-1.25,-0.17,-0.17,-2.30,-2.29,-2.30
1546.93,-1.03,-1.03,1.15,1.15,-1.11,-0.16,-0.11,-2.14,-2.14,-2.18
1562.40,-1.03,-1.05,1.03,1.01,-0.96,-0.15,-0.05,-1.99,-2.01,-2.06
1578.02,-1.10,-1.11,0.83,0.82,-0.79,-0.14,0.01,-1.89,-1.90,-1.93
1593.80,-1.21,-1.20,0.60,0.60,-0.60,-0.14,0.06,-1.82,-1.81,-1.81
1609.74,-1.32,-1.31,0.36,0.37,-0.40,-0.13,0.12,-1.72,-1.71,-1.68
1625.84,-1.40,-1.40,0.16,0.15,-0.18,-0.12,0.17,-1.58,-1.58,-1.56
1642.10,-1.49,-1.50,-0.06,-0.07,0.06,-0.11,0.22,-1.43,-1.44,-1.43
1658.52,-1.60,-1.62,-0.28,-0.30,0.31,-0.11,0.28,-1.29,-1.30,-1.32
1675.10,-1.76,-1.75,-0.55,-0.54,0.56,-0.10,0.33,-1.20,-1.19,-1.21
1691.85,-1.90,-1.89,-0.79,-0.78,0.81,-0.09,0.38,-1.10,-1.09,-1.11
1708.77,-2.04,-2.06,-1.02,-1.04,1.04,-0.09,0.43,-1.00,-1.02,-1.02
1725.86,-2.22,-2.24,-1.29,-1.31,1.27,-0.08,0.48,-0.95,-0.97,-0.93
1743.12,-2.42,-2.40,-1.58,-1.56,1.53,-0.07,0.53,-0.89,-0.87,-0.84
1760.55,-2.55,-2.51,-1.80,-1.77,1.80,-0.07,0.57,-0.75,-0.71,-0.75
1778.15,-2.59,-2.60,-1.93,-1.94,2.05,-0.06,0.62,-0.54,-0.55,-0.66
1795.94,-2.64,-2.70,-2.06,-2.11,2.26,-0.06,0.66,-0.39,-0.44,-0.58
1813.90,-2.84,-2.86,-2.33,-2.35,2.41,-0.05,0.70,-0.43,-0.45,-0.51
1832.03,-3.07,-3.06,-2.62,-2.62,2.50,-0.05,0.74,-0.58,-0.56,-0.45
1850.36,-3.26,-3.25,-2.88,-2.87,2.52,-0.04,0.78,-0.75,-0.73,-0.38
1868.86,-3.33,-3.34,-3.02,-3.02,2.47,-0.03,0.81,-0.86,-0.87,-0.31
1887.55,-3.29,-3.29,-3.04,-3.04,2.36,-0.03,0.85,-0.94,-0.93,-0.25
1906.42,-3.11,-3.08,-2.93,-2.92,2.18,-0.02,0.88,-0.93,-0.90,-0.18
1925.49,-2.74,-2.74,-2.70,-2.70,1.95,-0.02,0.90,-0.80,-0.80,-0.04
1944.74,-2.28,-2.31,-2.37,-2.40,1.66,-0.01,0.93,-0.63,-0.66,0.09
1964.19,-1.81,-1.81,-2.04,-2.04,1.34,-0.01,0.95,-0.48,-0.48,0.23
1983.83,-1.29,-1.25,-1.65,-1.62,1.02,-0.00,0.98,-0.27,-0.23,0.36
2003.67,-0.66,-0.65,-1.15,-1.15,0.75,0.00,1.00,0.09,0.10,0.49
2023.71,-0.03,-0.05,-0.66,-0.68,0.51,0.01,1.01,0.47,0.46,0.63
2043.94,0.50,0.47,-0.26,-0.30,0.30,0.01,1.03,0.80,0.77,0.76
2064.38,0.86,0.85,-0.04,-0.05,0.15,0.02,1.04,1.01,1.00,0.90
2085.03,1.07,1.08,0.05,0.06,0.06,0.03,1.05,1.13,1.15,1.02
2105.88,1.20,1.20,0.07,0.06,0.05,0.03,1.06,1.25,1.25,1.13
2126.94,1.22,1.22,-0.03,-0.03,0.11,0.04,1.06,1.33,1.32,1.25
2148.20,1.16,1.14,-0.18,-0.19,0.22,0.04,1.06,1.38,1.37,1.34
2169.69,1.01,1.00,-0.39,-0.41,0.39,0.05,1.07,1.39,1.39,1.40
2191.38,0.81,0.82,-0.65,-0.64,0.58,0.06,1.07,1.39,1.40,1.46
2213.30,0.65,0.66,-0.87,-0.86,0.78,0.07,1.06,1.43,1.44,1.52
2235.43,0.54,0.54,-1.04,-1.04,0.97,0.07,1.06,1.50,1.50,1.58
2257.78,0.47,0.47,-1.18,-1.18,1.14,0.08,1.06,1.60,1.61,1.65
2280.36,0.44,0.44,-1.27,-1.27,1.28,0.09,1.05,1.72,1.72,1.71
2303.17,0.44,0.43,-1.35,-1.36,1.40,0.10,1.05,1.83,1.82,1.79
2326.20,0.45,0.44,-1.43,-1.45,1.48,0.11,1.04,1.93,1.92,1.88
2349.46,0.48,0.49,-1.53,-1.53,1.53,0.12,1.03,2.01,2.02,2.01
2372.95,0.58,0.59,-1.60,-1.59,1.56,0.13,1.02,2.13,2.15,2.18
2396.68,0.74,0.74,-1.61,-1.61,1.57,0.14,1.02,2.30,2.30,2.35
2420.65,0.94,0.92,-1.58,-1.58,1.56,0.15,1.01,2.50,2.48,2.52
2444.86,1.13,1.14,-1.53,-1.52,1.53,0.16,1.00,2.66,2.67,2.66
2469.31,1.37,1.37,-1.42,-1.44,1.49,0.17,0.99,2.85,2.86,2.79
2494.00,1.63,1.62,-1.34,-1.36,1.41,0.19,0.99,3.03,3.03,2.97
2518.94,1.88,1.87,-1.29,-1.29,1.30,0.20,0.98,3.18,3.17,3.17
2544.13,2.14,2.13,-1.22,-1.22,1.17,0.22,0.97,3.30,3.29,3.36
2569.57,2.39,2.41,-1.12,-1.10,1.02,0.23,0.96,3.40,3.42,3.51
2595.27,2.72,2.73,-0.91,-0.91,0.85,0.25,0.96,3.57,3.59,3.63
2621.22,3.11,3.11,-0.68,-0.69,0.68,0.27,0.95,3.79,3.80,3.79
2647.43,3.52,3.51,-0.45,-0.46,0.50,0.29,0.95,4.02,4.01,3.97
2673.90,3.90,3.87,-0.25,-0.27,0.32,0.31,0.94,4.22,4.19,4.15
2700.64,4.18,4.17,-0.12,-0.11,0.15,0.34,0.94,4.32,4.32,4.30
2727.65,4.40,4.41,0.02,0.02,-0.01,0.36,0.94,4.39,4.41,4.38
2754.93,4.62,4.62,0.15,0.14,-0.13,0.39,0.94,4.49,4.49,4.47
2782.48,4.81,4.81,0.25,0.25,-0.22,0.42,0.94,4.59,4.59,4.56
2810.30,4.97,4.97,0.32,0.32,-0.29,0.45,0.94,4.68,4.68,4.65
2838.40,5.11,5.10,0.37,0.36,-0.35,0.49,0.94,4.75,4.75,4.74
2866.79,5.21,5.20,0.38,0.38,-0.43,0.53,0.94,4.78,4.77,4.83
2895.46,5.28,5.28,0.39,0.39,-0.51,0.57,0.94,4.77,4.77,4.89
2924.41,5.35,5.37,0.42,0.43,-0.58,0.62,0.95,4.77,4.79,4.93
2953.65,5.45,5.46,0.48,0.50,-0.60,0.67,0.95,4.85,4.86,4.97
2983.19,5.54,5.54,0.59,0.59,-0.56,0.72,0.96,4.98,4.99,4.95
3013.02,5.57,5.56,0.64,0.63,-0.43,0.79,0.96,5.13,5.13,4.93
3043.15,5.46,5.43,0.56,0.53,-0.23,0.85,0.97,5.23,5.21,4.90
3073.58,5.14,5.11,0.27,0.23,0.05,0.93,0.98,5.19,5.16,4.87
3104.32,4.63,4.60,-0.22,-0.25,0.38,1.01,0.99,5.01,4.98,4.85
3135.36,3.99,4.00,-0.83,-0.82,0.73,1.10,1.00,4.72,4.74,4.82
3166.72,3.42,3.46,-1.38,-1.34,1.08,1.21,1.01,4.50,4.54,4.80
3198.38,3.04,3.07,-1.75,-1.71,1.40,1.32,1.02,4.44,4.48,4.79
3230.37,2.86,2.86,-1.90,-1.90,1.67,1.44,1.03,4.53,4.53,4.76
3262.67,2.80,2.77,-1.94,-1.97,1.87,1.58,1.04,4.67,4.64,4.74
3295.30,2.74,2.73,-1.97,-1.98,2.01,1.73,1.05,4.75,4.74,4.71
3328.25,2.68,2.69,-2.00,-1.99,2.10,1.89,1.06,4.78,4.79,4.68
3361.53,2.61,2.61,-2.04,-2.04,2.18,2.07,1.07,4.79,4.79,4.65
3395.15,2.48,2.47,-2.13,-2.14,2.28,2.27,1.08,4.76,4.75,4.61
3429.10,2.22,2.22,-2.35,-2.35,2.42,2.48,1.09,4.64,4.64,4.57
3463.39,1.81,1.79,-2.71,-2.74,2.61,2.70,1.10,4.41,4.40,4.52
3498.03,1.18,1.14,-3.31,-3.35,2.87,2.93,1.11,4.05,4.01,4.49
3533.01,0.32,0.31,-4.14,-4.15,3.16,3.16,1.12,3.48,3.47,4.46
3568.34,-0.69,-0.66,-5.12,-5.08,3.45,3.39,1.13,2.76,2.80,4.43
3604.02,-1.70,-1.67,-6.09,-6.06,3.71,3.60,1.13,2.00,2.04,4.39
3640.06,-2.71,-2.72,-7.07,-7.08,3.90,3.79,1.14,1.19,1.18,4.36
3676.46,-3.80,-3.83,-8.14,-8.17,4.02,3.92,1.14,0.21,0.18,4.34
3713.22,-5.04,-5.07,-9.36,-9.39,4.05,4.01,1.14,-0.99,-1.02,4.32
3750.36,-6.40,-6.41,-10.70,-10.70,4.01,4.02,1.14,-2.39,-2.40,4.30
3787.86,-7.79,-7.77,-12.04,-12.03,3.89,3.97,1.14,-3.90,-3.88,4.25
3825.74,-9.09,-9.07,-13.30,-13.28,3.71,3.84,1.13,-5.38,-5.36,4.21
3864.00,-10.25,-10.25,-14.42,-14.42,3.47,3.66,1.13,-6.79,-6.78,4.17
3902.64,-11.29,-11.34,-15.42,-15.47,3.18,3.42,1.12,-8.11,-8.16,4.13
3941.66,-12.27,-12.33,-16.36,-16.43,2.88,3.15,1.10,-9.39,-9.45,4.09
3981.08,-13.10,-13.09,-17.18,-17.17,2.59,2.85,1.09,-10.51,-10.50,4.08
4020.89,-13.50,-13.41,-17.57,-17.48,2.33,2.53,1.07,-11.17,-11.08,4.07
4061.10,-13.22,-13.11,-17.28,-17.16,2.07,2.20,1.05,-11.15,-11.04,4.06
4101.71,-12.22,-12.23,-16.25,-16.26,1.81,1.87,1.02,-10.41,-10.42,4.03
4142.73,-10.89,-10.98,-14.89,-14.98,1.56,1.55,1.00,-9.34,-9.42,4.00
4184.15,-9.54,-9.59,-13.51,-13.57,1.30,1.22,0.97,-8.25,-8.29,3.97
4226.00,-8.18,-8.19,-12.13,-12.13,1.04,0.89,0.93,-7.14,-7.15,3.95
4268.26,-6.74,-6.74,-10.66,-10.65,0.87,0.57,0.90,-5.87,-5.87,3.92
4310.94,-5.15,-5.13,-9.01,-8.99,0.69,0.23,0.86,-4.47,-4.44,3.86
4354.05,-3.37,-3.32,-7.18,-7.13,0.41,-0.11,0.82,-2.96,-2.91,3.81
4397.59,-1.36,-1.36,-5.12,-5.13,0.01,-0.47,0.78,-1.35,-1.34,3.76
4441.56,0.69,0.67,-3.04,-3.06,-0.50,-0.84,0.73,0.18,0.16,3.73
4485.98,2.64,2.64,-1.06,-1.05,-1.09,-1.23,0.69,1.55,1.55,3.70
4530.84,4.42,4.43,0.76,0.77,-1.69,-1.63,0.64,2.73,2.75,3.66
4576.15,5.94,5.93,2.31,2.30,-2.26,-2.02,0.59,3.67,3.66,3.63
4621.91,7.05,7.00,3.45,3.39,-2.78,-2.41,0.54,4.27,4.22,3.60
4668.13,7.61,7.56,4.03,3.98,-3.20,-2.71,0.48,4.40,4.36,3.58
4714.81,7.63,7.62,4.08,4.07,-3.51,-2.98,0.43,4.12,4.11,3.55
4761.96,7.26,7.26,3.76,3.76,-3.68,-3.08,0.37,3.58,3.58,3.50
4809.58,6.64,6.63,3.21,3.20,-3.68,-3.12,0.31,2.96,2.95,3.43
4857.67,5.90,5.91,2.54,2.55,-3.52,-3.02,0.25,2.38,2.39,3.36
4906.25,5.19,5.22,1.90,1.93,-3.17,-2.85,0.19,2.02,2.05,3.29
4955.31,4.66,4.69,1.44,1.47,-2.81,-2.64,0.13,1.84,1.88,3.22
5004.87,4.34,4.36,1.17,1.19,-2.49,-2.40,0.07,1.85,1.87,3.17
5054.91,4.20,4.19,1.08,1.07,-2.21,-2.18,0.01,1.99,1.99,3.12
5105.46,4.12,4.11,1.04,1.03,-1.93,-1.96,-0.05,2.19,2.18,3.08
5156.52,4.03,4.00,0.99,0.96,-1.64,-1.79,-0.12,2.39,2.36,3.04
5208.08,3.85,3.80,0.85,0.80,-1.36,-1.63,-0.18,2.49,2.44,3.00
5260.16,3.56,3.55,0.60,0.59,-1.12,-1.50,-0.25,2.44,2.43,2.96
5312.77,3.28,3.32,0.36,0.40,-0.92,-1.39,-0.32,2.36,2.40,2.92
5365.89,3.17,3.20,0.29,0.32,-0.77,-1.31,-0.38,2.40,2.43,2.88
5419.55,3.21,3.21,0.38,0.37,-0.67,-1.25,-0.45,2.54,2.54,2.83
5473.75,3.32,3.30,0.53,0.51,-0.62,-1.20,-0.52,2.69,2.68,2.79
5528.49,3.40,3.38,0.67,0.66,-0.63,-1.16,-0.59,2.77,2.75,2.73
5583.77,3.43,3.40,0.80,0.77,-0.69,-1.14,-0.66,2.74,2.71,2.63
5639.61,3.38,3.38,0.86,0.85,-0.78,-1.13,-0.74,2.60,2.60,2.52
5696.00,3.34,3.35,0.92,0.93,-0.89,-1.13,-0.81,2.45,2.46,2.42
5752.96,3.33,3.33,1.01,1.01,-1.00,-1.13,-0.88,2.33,2.33,2.32
5810.49,3.34,3.32,1.13,1.11,-1.09,-1.15,-0.96,2.25,2.23,2.21
5868.60,3.32,3.29,1.23,1.19,-1.15,-1.17,-1.04,2.17,2.14,2.09
5927.28,3.23,3.21,1.26,1.24,-1.20,-1.20,-1.12,2.03,2.01,1.97
5986.56,3.11,3.11,1.26,1.25,-1.25,-1.23,-1.19,1.86,1.86,1.85
6046.42,3.00,3.00,1.27,1.26,-1.29,-1.27,-1.28,1.71,1.71,1.73
6106.89,2.92,2.93,1.32,1.30,-1.32,-1.31,-1.36,1.60,1.61,1.60
6167.96,2.89,2.90,1.41,1.38,-1.36,-1.37,-1.44,1.53,1.54,1.48
6229.64,2.89,2.90,1.49,1.46,-1.41,-1.42,-1.53,1.47,1.48,1.40
6291.93,2.90,2.91,1.59,1.53,-1.50,-1.48,-1.61,1.39,1.40,1.31
6354.85,2.91,2.94,1.63,1.59,-1.64,-1.55,-1.70,1.27,1.30,1.28
6418.40,2.96,3.04,1.71,1.71,-1.82,-1.62,-1.79,1.14,1.22,1.25
6482.58,3.15,3.23,1.94,1.91,-2.03,-1.69,-1.88,1.11,1.19,1.21
6547.41,3.47,3.51,2.29,2.19,-2.28,-1.78,-1.97,1.19,1.24,1.18
6612.88,3.88,3.86,2.72,2.53,-2.54,-1.86,-2.06,1.33,1.32,1.16
6679.01,4.34,4.22,3.15,2.86,-2.81,-1.95,-2.15,1.52,1.41,1.19
6745.80,4.81,4.56,3.59,3.15,-3.07,-2.04,-2.24,1.74,1.49,1.22
6813.26,5.28,4.83,4.01,3.37,-3.29,-2.14,-2.33,1.99,1.54,1.27
6881.39,5.74,5.03,4.39,3.54,-3.46,-2.23,-2.42,2.28,1.58,1.35
6950.21,6.13,5.16,4.71,3.63,-3.56,-2.33,-2.51,2.57,1.60,1.42
7019.71,6.45,5.19,4.95,3.66,-3.60,-2.43,-2.60,2.85,1.59,1.50
7089.91,6.66,5.13,5.08,3.62,-3.59,-2.53,-2.69,3.07,1.54,1.58
7160.81,6.69,5.01,5.04,3.53,-3.55,-2.63,-2.77,3.14,1.46,1.65
7232.41,6.56,4.86,4.84,3.43,-3.50,-2.72,-2.85,3.06,1.37,1.72
7304.74,6.35,4.72,4.56,3.35,-3.44,-2.80,-2.93,2.91,1.29,1.79
7377.79,6.21,4.61,4.35,3.31,-3.38,-2.87,-2.99,2.83,1.23,1.86
7451.56,6.22,4.51,4.29,3.29,-3.32,-2.94,-3.06,2.89,1.19,1.93
7526.08,6.33,4.42,4.33,3.29,-3.28,-2.98,-3.11,3.05,1.14,2.00
7601.34,6.40,4.31,4.34,3.27,-3.24,-3.02,-3.17,3.16,1.07,2.06
7677.35,6.34,4.18,4.22,3.23,-3.19,-3.03,-3.21,3.14,0.98,2.12
7754.13,6.09,4.01,3.93,3.17,-3.14,-3.03,-3.25,2.95,0.87,2.16
7831.67,5.66,3.82,3.46,3.09,-3.07,-3.00,-3.27,2.59,0.75,2.20
7909.98,5.11,3.61,2.95,2.99,-2.98,-2.96,-3.29,2.13,0.63,2.16
7989.08,4.54,3.39,2.45,2.88,-2.88,-2.89,-3.29,1.66,0.52,2.09
8068.98,3.95,3.16,1.93,2.76,-2.76,-2.81,-3.28,1.19,0.40,2.02
8149.67,3.33,2.92,1.39,2.64,-2.64,-2.70,-3.26,0.69,0.28,1.94
8231.16,2.82,2.68,0.95,2.52,-2.52,-2.59,-3.24,0.29,0.16,1.87
8313.47,2.42,2.45,0.68,2.40,-2.41,-2.46,-3.20,0.01,0.05,1.74
8396.61,1.95,2.24,0.35,2.30,-2.29,-2.32,-3.16,-0.34,-0.06,1.60
8480.57,1.33,2.03,0.16,2.21,-2.18,-2.17,-3.10,-0.86,-0.15,1.17
8565.38,0.67,1.85,-0.06,2.13,-2.09,-2.02,-3.04,-1.42,-0.25,0.73
8651.03,0.09,1.67,-0.21,2.06,-2.03,-1.87,-2.96,-1.95,-0.36,0.30
8737.54,-0.32,1.52,-0.08,2.01,-2.02,-1.71,-2.88,-2.34,-0.50,-0.24
8824.92,-0.71,1.40,-0.11,2.00,-2.05,-1.55,-2.79,-2.77,-0.65,-0.60
8913.17,-1.10,1.35,-0.03,2.03,-2.14,-1.40,-2.70,-3.25,-0.80,-1.07
9002.30,-1.39,1.39,0.12,2.17,-2.28,-1.25,-2.60,-3.68,-0.90,-1.51
9092.32,-1.63,1.54,0.20,2.41,-2.47,-1.10,-2.50,-4.11,-0.94,-1.83
9183.25,-1.82,1.75,0.26,2.71,-2.70,-0.95,-2.40,-4.53,-0.96,-2.08
9275.08,-1.94,1.96,0.38,3.01,-2.96,-0.81,-2.29,-4.90,-1.00,-2.32
9367.83,-1.93,2.15,0.57,3.29,-3.23,-0.67,-2.18,-5.16,-1.07,-2.50
9461.51,-1.77,2.33,0.70,3.54,-3.50,-0.54,-2.07,-5.28,-1.17,-2.47
9556.12,-1.51,2.48,0.93,3.77,-3.76,-0.41,-1.96,-5.27,-1.28,-2.44
9651.68,-1.05,2.59,1.36,3.96,-3.96,-0.29,-1.84,-5.02,-1.37,-2.41
9748.20,-0.42,2.68,1.82,4.11,-4.12,-0.17,-1.73,-4.54,-1.44,-2.24
9845.68,0.21,2.73,2.26,4.24,-4.22,-0.05,-1.62,-4.01,-1.49,-2.05
9944.14,0.75,2.75,2.62,4.33,-4.27,0.06,-1.51,-3.52,-1.52,-1.87
10043.58,1.10,2.74,2.80,4.38,-4.27,0.16,-1.40,-3.17,-1.53,-1.70
10144.02,1.21,2.51,2.69,4.25,-4.22,0.26,-1.29,-3.02,-1.72,-1.48
10245.46,1.02,2.26,2.28,4.12,-4.14,0.36,-1.18,-3.12,-1.88,-1.26
10347.91,0.59,2.01,1.70,3.97,-4.01,0.46,-1.07,-3.43,-2.01,-1.11
10451.39,0.13,1.74,1.25,3.82,-3.86,0.55,-0.97,-3.74,-2.12,-1.12
10555.91,-0.26,1.47,0.87,3.66,-3.69,0.64,-0.86,-3.96,-2.22,-1.13
10661.46,-0.68,1.19,0.74,3.50,-3.51,0.72,-0.76,-4.19,-2.32,-1.42
10768.08,-1.27,0.90,0.47,3.32,-3.32,0.80,-0.65,-4.60,-2.42,-1.74
10875.76,-1.95,0.61,0.11,3.14,-3.14,0.88,-0.55,-5.10,-2.54,-2.06
10984.52,-2.45,0.30,-0.04,2.96,-2.96,0.96,-0.45,-5.41,-2.65,-2.41
11094.36,-2.74,-0.01,0.10,2.76,-2.76,1.03,-0.35,-5.50,-2.77,-2.84
11205.31,-2.86,-0.33,0.42,2.56,-2.56,1.10,-0.25,-5.42,-2.89,-3.28
11317.36,-2.88,-0.67,0.64,2.35,-2.35,1.17,-0.15,-5.23,-3.01,-3.52
11430.53,-2.83,-1.00,0.93,2.13,-2.13,1.24,-0.04,-4.96,-3.13,-3.76
11544.84,-2.77,-1.35,1.22,1.91,-1.90,1.30,0.06,-4.68,-3.26,-3.99
11660.29,-2.82,-1.71,1.35,1.67,-1.67,1.37,0.16,-4.49,-3.38,-4.17
11776.89,-3.03,-2.07,1.29,1.44,-1.43,1.43,0.26,-4.46,-3.50,-4.32
11894.66,-3.25,-2.45,1.23,1.19,-1.19,1.48,0.37,-4.44,-3.63,-4.48
12013.60,-3.34,-2.83,1.28,0.94,-0.93,1.54,0.47,-4.28,-3.76,-4.62
12133.74,-3.29,-3.22,1.46,0.67,-0.68,1.59,0.58,-3.97,-3.90,-4.75
12255.08,-3.28,-3.62,1.60,0.41,-0.42,1.64,0.69,-3.71,-4.04,-4.88
12377.63,-3.50,-4.02,1.51,0.13,-0.16,1.69,0.81,-3.67,-4.19,-5.01
12501.41,-4.00,-4.44,1.15,-0.15,0.10,1.74,0.93,-3.91,-4.34,-5.15
12626.42,-4.63,-4.86,0.66,-0.44,0.36,1.79,1.05,-4.28,-4.51,-5.29
12752.68,-5.03,-5.30,0.40,-0.74,0.61,1.83,1.18,-4.42,-4.68,-5.43
12880.21,-5.26,-5.74,0.29,-1.05,0.87,1.88,1.31,-4.39,-4.86,-5.55
13009.01,-5.48,-6.19,0.19,-1.36,1.13,1.92,1.45,-4.35,-5.05,-5.67
13139.10,-5.79,-6.64,-0.00,-1.68,1.39,1.96,1.60,-4.40,-5.25,-5.79
13270.49,-6.05,-7.11,-0.15,-2.00,1.65,1.99,1.75,-4.40,-5.46,-5.90
13403.20,-6.03,-7.59,-0.02,-2.34,1.91,2.03,1.92,-4.13,-5.68,-6.01
13537.23,-5.79,-8.07,0.33,-2.68,2.17,2.06,2.09,-3.63,-5.90,-6.12
13672.60,-5.44,-8.56,0.81,-3.03,2.42,2.10,2.28,-3.02,-6.14,-6.25
13809.33,-4.91,-9.06,1.48,-3.38,2.68,2.13,2.47,-2.23,-6.38,-6.39
13947.42,-4.16,-9.57,2.37,-3.75,2.94,2.16,2.68,-1.22,-6.63,-6.53
14086.90,-3.47,-10.09,3.31,-4.12,3.20,2.19,2.90,-0.27,-6.89,-6.78
14227.77,-3.14,-10.62,3.90,-4.50,3.46,2.21,3.14,0.31,-7.16,-7.04
14370.04,-3.26,-11.15,4.04,-4.88,3.72,2.24,3.39,0.45,-7.43,-7.30
14513.74,-3.73,-11.69,3.72,-5.27,3.97,2.26,3.66,0.24,-7.72,-7.45
14658.88,-4.23,-12.24,3.29,-5.67,4.24,2.29,3.93,0.00,-8.01,-7.52
14805.47,-4.72,-12.80,2.87,-6.08,4.51,2.31,4.23,-0.21,-8.29,-7.59
14953.52,-5.22,-13.37,2.28,-6.49,4.79,2.33,4.52,-0.43,-8.58,-7.50
15103.06,-5.58,-13.95,1.77,-6.92,5.06,2.35,4.83,-0.53,-8.89,-7.35
15254.09,-5.48,-14.54,1.72,-7.35,5.30,2.37,5.12,-0.18,-9.23,-7.20
15406.63,-4.91,-15.13,2.08,-7.78,5.52,2.38,5.39,0.61,-9.61,-6.99
15560.70,-4.37,-15.73,2.30,-8.23,5.70,2.40,5.64,1.33,-10.03,-6.67
15716.30,-4.20,-16.34,2.11,-8.68,5.84,2.41,5.82,1.64,-10.50,-6.31
15873.47,-4.32,-16.96,1.78,-9.13,5.94,2.43,5.95,1.62,-11.02,-6.10
16032.20,-4.54,-17.59,1.46,-9.60,6.01,2.44,5.98,1.47,-11.58,-6.00
16192.52,-4.66,-18.23,1.36,-10.07,6.04,2.45,5.94,1.38,-12.18,-6.02
16354.45,-4.87,-18.87,1.21,-10.55,6.05,2.47,5.76,1.18,-12.82,-6.08
16517.99,-5.45,-19.53,0.69,-11.04,6.04,2.48,5.54,0.58,-13.49,-6.14
16683.17,-6.48,-20.19,-0.28,-11.54,6.02,2.49,5.21,-0.47,-14.17,-6.20
16850.01,-7.70,-20.86,-1.34,-12.04,6.00,2.50,4.86,-1.70,-14.86,-6.36
17018.51,-8.66,-21.54,-2.06,-12.55,6.00,2.50,4.46,-2.66,-15.54,-6.60
17188.69,-9.49,-22.23,-2.45,-13.06,6.00,2.51,4.05,-3.49,-16.23,-7.04
17360.58,-10.81,-22.92,-3.33,-13.59,6.00,2.52,3.64,-4.81,-16.92,-7.48
17534.18,-13.15,-23.63,-5.26,-14.12,6.00,2.53,3.25,-7.15,-17.63,-7.89
17709.53,-17.73,-24.34,-9.42,-14.66,6.00,2.53,2.88,-11.73,-18.34,-8.31
17886.62,-26.47,-25.06,-17.77,-15.20,6.00,2.54,2.53,-20.47,-19.06,-8.70
18065.49,-36.45,-25.79,-27.33,-15.76,6.00,2.55,2.21,-30.45,-19.79,-9.12
18246.14,-43.34,-26.53,-33.77,-16.32,6.00,2.55,1.92,-37.34,-20.53,-9.57
18428.60,-44.83,-27.28,-34.96,-16.89,6.00,2.55,1.66,-38.83,-21.28,-9.87
18612.89,-45.41,-28.03,-34.74,-17.46,6.00,2.56,1.43,-39.41,-22.03,-10.67
18799.02,-45.92,-28.79,-34.66,-18.04,6.00,2.56,1.22,-39.92,-22.79,-11.26
18987.01,-46.33,-29.57,-34.49,-18.63,6.00,2.57,1.04,-40.33,-23.57,-11.84
19176.88,-46.64,-30.35,-34.12,-19.23,6.00,2.57,0.88,-40.64,-24.35,-12.52
19368.65,-46.92,-31.14,-33.67,-19.83,6.00,2.57,0.73,-40.92,-25.14,-13.25
19562.33,-47.21,-31.94,-33.34,-20.45,6.00,2.57,0.61,-41.21,-25.94,-13.87
19757.96,-47.44,-32.74,-32.94,-21.06,6.00,2.58,0.49,-41.44,-26.74,-14.50
19955.54,-47.56,-33.56,-32.44,-21.69,6.00,2.58,0.36,-41.56,-27.56,-15.12
