frequency,raw,smoothed,error,error_smoothed,equalization,parametric_eq,fixed_band_eq,equalized_raw,equalized_smoothed,target
20.00,8.19,8.18,5.19,5.18,-5.17,-5.50,-2.30,3.02,3.01,3.00
20.20,8.18,8.18,5.15,5.15,-5.15,-5.49,-2.36,3.03,3.03,3.03
20.40,8.18,8.18,5.12,5.13,-5.13,-5.48,-2.43,3.05,3.05,3.06
20.61,8.20,8.19,5.12,5.11,-5.12,-5.47,-2.50,3.08,3.08,3.08
20.81,8.21,8.21,5.10,5.10,-5.11,-5.45,-2.57,3.10,3.10,3.11
21.02,8.23,8.23,5.09,5.09,-5.10,-5.44,-2.65,3.13,3.13,3.14
21.23,8.24,8.24,5.09,5.09,-5.09,-5.43,-2.73,3.14,3.15,3.15
21.44,8.26,8.25,5.10,5.09,-5.09,-5.42,-2.81,3.16,3.16,3.16
21.66,8.27,8.27,5.10,5.10,-5.10,-5.40,-2.89,3.17,3.17,3.17
21.87,8.28,8.28,5.11,5.11,-5.11,-5.39,-2.97,3.17,3.17,3.17
22.09,8.30,8.29,5.12,5.12,-5.12,-5.37,-3.06,3.18,3.17,3.18
22.31,8.31,8.31,5.13,5.13,-5.13,-5.36,-3.14,3.18,3.17,3.18
22.54,8.32,8.32,5.14,5.14,-5.14,-5.35,-3.23,3.17,3.17,3.17
22.76,8.33,8.33,5.15,5.16,-5.16,-5.33,-3.33,3.17,3.17,3.17
22.99,8.34,8.34,5.17,5.17,-5.17,-5.32,-3.42,3.17,3.17,3.16
23.22,8.35,8.34,5.18,5.18,-5.18,-5.30,-3.52,3.17,3.17,3.16
23.45,8.35,8.35,5.18,5.19,-5.19,-5.29,-3.62,3.16,3.16,3.16
23.69,8.36,8.36,5.20,5.20,-5.20,-5.27,-3.72,3.16,3.16,3.16
23.92,8.37,8.37,5.21,5.20,-5.21,-5.26,-3.83,3.16,3.16,3.16
24.16,8.38,8.38,5.21,5.21,-5.22,-5.24,-3.93,3.16,3.16,3.17
24.40,8.39,8.39,5.22,5.22,-5.23,-5.23,-4.04,3.16,3.16,3.17
24.65,8.40,8.40,5.24,5.24,-5.23,-5.21,-4.15,3.16,3.16,3.16
24.89,8.41,8.40,5.25,5.25,-5.24,-5.20,-4.26,3.17,3.16,3.16
25.14,8.41,8.41,5.25,5.25,-5.25,-5.18,-4.37,3.16,3.16,3.16
25.39,8.41,8.41,5.25,5.25,-5.25,-5.16,-4.48,3.16,3.16,3.15
25.65,8.40,8.40,5.24,5.25,-5.25,-5.15,-4.59,3.15,3.15,3.15
25.91,8.40,8.39,5.25,5.24,-5.24,-5.13,-4.71,3.15,3.15,3.14
26.16,8.38,8.38,5.24,5.24,-5.24,-5.12,-4.82,3.14,3.14,3.14
26.43,8.37,8.37,5.23,5.23,-5.23,-5.10,-4.93,3.14,3.14,3.14
26.69,8.36,8.36,5.22,5.22,-5.22,-5.08,-5.04,3.13,3.14,3.14
26.96,8.36,8.35,5.22,5.21,-5.22,-5.06,-5.15,3.14,3.14,3.14
27.23,8.35,8.35,5.21,5.21,-5.21,-5.05,-5.26,3.14,3.14,3.14
27.50,8.34,8.34,5.20,5.20,-5.21,-5.03,-5.36,3.13,3.13,3.14
27.77,8.33,8.33,5.20,5.20,-5.20,-5.01,-5.46,3.13,3.12,3.12
28.05,8.32,8.32,5.19,5.20,-5.20,-4.99,-5.56,3.12,3.12,3.12
28.33,8.31,8.31,5.20,5.19,-5.20,-4.98,-5.65,3.11,3.11,3.11
28.62,8.31,8.30,5.20,5.20,-5.20,-4.96,-5.74,3.11,3.11,3.11
28.90,8.30,8.30,5.19,5.19,-5.19,-4.94,-5.81,3.10,3.11,3.11
29.19,8.30,8.30,5.20,5.19,-5.19,-4.92,-5.89,3.11,3.10,3.10
29.48,8.29,8.29,5.18,5.19,-5.19,-4.90,-5.95,3.10,3.10,3.10
29.78,8.28,8.28,5.18,5.18,-5.18,-4.88,-6.01,3.10,3.10,3.09
30.08,8.26,8.26,5.17,5.17,-5.16,-4.86,-6.06,3.09,3.09,3.09
30.38,8.24,8.24,5.16,5.15,-5.15,-4.84,-6.10,3.09,3.09,3.08
30.68,8.21,8.21,5.13,5.13,-5.13,-4.82,-6.13,3.08,3.08,3.08
30.99,8.18,8.18,5.11,5.11,-5.11,-4.81,-6.16,3.07,3.07,3.07
31.30,8.15,8.15,5.08,5.08,-5.09,-4.79,-6.16,3.06,3.06,3.06
31.61,8.12,8.12,5.06,5.06,-5.07,-4.77,-6.17,3.05,3.05,3.06
31.93,8.10,8.09,5.05,5.04,-5.05,-4.74,-6.16,3.05,3.04,3.05
32.24,8.07,8.07,5.03,5.03,-5.04,-4.72,-6.15,3.03,3.03,3.04
32.57,8.05,8.05,5.01,5.02,-5.02,-4.70,-6.12,3.03,3.03,3.03
32.89,8.04,8.03,5.01,5.01,-5.01,-4.68,-6.09,3.03,3.03,3.03
33.22,8.02,8.02,5.00,5.00,-4.99,-4.66,-6.04,3.02,3.02,3.02
33.55,8.00,8.00,4.98,4.98,-4.98,-4.64,-5.99,3.02,3.02,3.02
33.89,7.97,7.97,4.96,4.96,-4.96,-4.62,-5.94,3.01,3.01,3.00
34.23,7.94,7.94,4.94,4.94,-4.93,-4.60,-5.87,3.00,3.00,3.00
34.57,7.90,7.90,4.91,4.91,-4.91,-4.58,-5.80,2.99,2.99,2.99
34.92,7.86,7.85,4.88,4.88,-4.88,-4.55,-5.73,2.98,2.98,2.97
35.27,7.81,7.81,4.84,4.84,-4.85,-4.53,-5.65,2.96,2.96,2.97
35.62,7.77,7.77,4.81,4.81,-4.82,-4.51,-5.57,2.95,2.95,2.96
35.97,7.73,7.73,4.78,4.78,-4.79,-4.49,-5.48,2.94,2.94,2.94
36.33,7.70,7.69,4.76,4.76,-4.76,-4.46,-5.40,2.93,2.93,2.94
36.70,7.66,7.66,4.73,4.73,-4.73,-4.44,-5.31,2.92,2.93,2.92
37.06,7.63,7.62,4.72,4.71,-4.71,-4.42,-5.22,2.92,2.92,2.91
37.43,7.59,7.59,4.68,4.68,-4.68,-4.39,-5.12,2.91,2.91,2.91
37.81,7.55,7.55,4.65,4.66,-4.65,-4.37,-5.03,2.89,2.90,2.89
38.19,7.51,7.51,4.63,4.62,-4.63,-4.35,-4.94,2.88,2.88,2.88
38.57,7.47,7.46,4.59,4.59,-4.60,-4.32,-4.85,2.87,2.87,2.87
38.95,7.42,7.42,4.56,4.56,-4.57,-4.30,-4.76,2.85,2.85,2.86
39.34,7.38,7.38,4.53,4.53,-4.54,-4.27,-4.67,2.84,2.84,2.84
39.74,7.34,7.33,4.51,4.50,-4.50,-4.25,-4.59,2.84,2.83,2.83
40.14,7.29,7.29,4.47,4.47,-4.46,-4.22,-4.50,2.82,2.83,2.82
40.54,7.25,7.24,4.44,4.44,-4.43,-4.20,-4.42,2.82,2.82,2.81
40.94,7.20,7.19,4.40,4.39,-4.39,-4.17,-4.34,2.81,2.80,2.80
41.35,7.14,7.14,4.35,4.35,-4.35,-4.15,-4.26,2.79,2.79,2.79
41.76,7.09,7.09,4.31,4.31,-4.31,-4.12,-4.19,2.77,2.77,2.78
42.18,7.04,7.04,4.26,4.27,-4.28,-4.09,-4.11,2.76,2.76,2.77
42.60,7.00,7.00,4.24,4.24,-4.24,-4.07,-4.04,2.75,2.75,2.76
43.03,6.96,6.96,4.21,4.21,-4.22,-4.04,-3.98,2.74,2.74,2.75
43.46,6.92,6.92,4.19,4.19,-4.19,-4.01,-3.91,2.72,2.72,2.73
43.90,6.88,6.88,4.17,4.17,-4.17,-3.98,-3.85,2.70,2.70,2.70
44.33,6.84,6.84,4.15,4.15,-4.16,-3.95,-3.79,2.68,2.68,2.69
44.78,6.81,6.81,4.14,4.14,-4.14,-3.93,-3.74,2.67,2.67,2.67
45.23,6.78,6.77,4.13,4.13,-4.12,-3.90,-3.68,2.66,2.66,2.65
45.68,6.74,6.74,4.11,4.11,-4.10,-3.87,-3.64,2.64,2.65,2.63
46.13,6.71,6.70,4.09,4.09,-4.07,-3.84,-3.59,2.64,2.63,2.61
46.60,6.66,6.65,4.05,4.05,-4.05,-3.80,-3.54,2.61,2.61,2.60
47.06,6.60,6.60,4.01,4.01,-4.02,-3.77,-3.50,2.58,2.58,2.58
47.53,6.54,6.54,3.97,3.98,-4.00,-3.74,-3.46,2.54,2.55,2.56
48.01,6.50,6.50,3.94,3.95,-3.97,-3.71,-3.43,2.52,2.52,2.55
48.49,6.46,6.46,3.93,3.93,-3.95,-3.67,-3.39,2.51,2.51,2.52
48.97,6.42,6.42,3.93,3.93,-3.92,-3.64,-3.36,2.50,2.50,2.49
49.46,6.38,6.37,3.92,3.91,-3.90,-3.60,-3.33,2.48,2.48,2.46
49.96,6.32,6.32,3.89,3.88,-3.87,-3.57,-3.31,2.45,2.45,2.43
50.46,6.26,6.26,3.84,3.84,-3.84,-3.53,-3.28,2.42,2.42,2.42
50.96,6.19,6.18,3.79,3.80,-3.80,-3.49,-3.26,2.39,2.38,2.39
51.47,6.11,6.11,3.75,3.75,-3.76,-3.45,-3.24,2.35,2.36,2.36
51.99,6.04,6.04,3.70,3.70,-3.71,-3.41,-3.22,2.33,2.33,2.34
52.51,5.97,5.96,3.64,3.65,-3.65,-3.36,-3.20,2.32,2.32,2.32
53.03,5.89,5.89,3.59,3.59,-3.59,-3.32,-3.18,2.30,2.30,2.30
53.56,5.80,5.80,3.52,3.52,-3.52,-3.27,-3.17,2.28,2.28,2.27
54.10,5.70,5.70,3.45,3.45,-3.44,-3.22,-3.15,2.26,2.25,2.25
54.64,5.59,5.59,3.37,3.37,-3.36,-3.17,-3.13,2.23,2.23,2.22
55.18,5.47,5.47,3.27,3.27,-3.27,-3.12,-3.12,2.20,2.20,2.20
55.74,5.35,5.35,3.18,3.17,-3.17,-3.06,-3.10,2.17,2.17,2.17
56.29,5.22,5.22,3.07,3.07,-3.07,-3.01,-3.09,2.14,2.15,2.15
56.86,5.09,5.09,2.96,2.97,-2.97,-2.95,-3.07,2.12,2.12,2.12
57.42,4.96,4.95,2.86,2.86,-2.85,-2.88,-3.06,2.10,2.10,2.09
58.00,4.82,4.82,2.74,2.75,-2.74,-2.81,-3.04,2.08,2.08,2.07
58.58,4.69,4.69,2.63,2.63,-2.63,-2.74,-3.02,2.06,2.06,2.06
59.16,4.56,4.55,2.52,2.52,-2.52,-2.67,-3.00,2.04,2.04,2.03
59.76,4.42,4.41,2.40,2.40,-2.41,-2.59,-2.98,2.01,2.00,2.01
60.35,4.28,4.28,2.29,2.29,-2.31,-2.51,-2.96,1.97,1.97,1.98
60.96,4.15,4.15,2.19,2.20,-2.21,-2.43,-2.94,1.93,1.94,1.96
61.57,4.04,4.04,2.12,2.12,-2.12,-2.34,-2.91,1.91,1.91,1.92
62.18,3.94,3.94,2.05,2.05,-2.04,-2.25,-2.88,1.90,1.89,1.88
62.80,3.84,3.83,1.98,1.98,-1.97,-2.16,-2.85,1.87,1.87,1.86
63.43,3.74,3.73,1.91,1.91,-1.90,-2.07,-2.82,1.84,1.83,1.82
64.07,3.63,3.63,1.83,1.84,-1.84,-1.98,-2.79,1.79,1.80,1.80
64.71,3.54,3.54,1.77,1.77,-1.78,-1.90,-2.75,1.76,1.76,1.77
65.35,3.47,3.46,1.72,1.72,-1.73,-1.83,-2.72,1.74,1.73,1.74
66.01,3.40,3.40,1.68,1.69,-1.69,-1.76,-2.68,1.71,1.71,1.71
66.67,3.35,3.34,1.66,1.66,-1.66,-1.71,-2.64,1.69,1.69,1.69
67.33,3.29,3.29,1.63,1.63,-1.63,-1.67,-2.59,1.66,1.66,1.66
68.01,3.24,3.24,1.61,1.61,-1.61,-1.64,-2.55,1.63,1.63,1.63
68.69,3.20,3.20,1.60,1.60,-1.60,-1.63,-2.50,1.60,1.59,1.59
69.37,3.17,3.17,1.60,1.60,-1.60,-1.63,-2.46,1.57,1.57,1.56
70.07,3.14,3.14,1.61,1.61,-1.61,-1.65,-2.41,1.53,1.54,1.53
70.77,3.13,3.12,1.62,1.62,-1.62,-1.67,-2.36,1.51,1.50,1.51
71.48,3.11,3.10,1.64,1.63,-1.64,-1.71,-2.31,1.46,1.46,1.47
72.19,3.09,3.10,1.65,1.66,-1.67,-1.75,-2.26,1.41,1.43,1.44
72.91,3.11,3.11,1.71,1.71,-1.71,-1.80,-2.21,1.40,1.40,1.40
73.64,3.14,3.13,1.77,1.76,-1.76,-1.85,-2.16,1.38,1.37,1.36
74.38,3.16,3.15,1.82,1.82,-1.81,-1.90,-2.11,1.35,1.34,1.34
75.12,3.16,3.17,1.86,1.87,-1.87,-1.95,-2.06,1.29,1.30,1.30
75.87,3.20,3.20,1.93,1.93,-1.94,-2.01,-2.01,1.26,1.26,1.27
76.63,3.24,3.23,2.00,2.00,-2.01,-2.06,-1.95,1.23,1.22,1.24
77.40,3.28,3.28,2.07,2.08,-2.08,-2.11,-1.90,1.19,1.20,1.21
78.17,3.33,3.33,2.16,2.16,-2.16,-2.17,-1.85,1.17,1.17,1.16
78.95,3.39,3.38,2.25,2.24,-2.24,-2.22,-1.81,1.15,1.14,1.14
79.74,3.44,3.44,2.33,2.33,-2.32,-2.27,-1.76,1.11,1.11,1.11
80.54,3.49,3.49,2.41,2.41,-2.41,-2.33,-1.71,1.08,1.08,1.07
81.35,3.53,3.53,2.49,2.49,-2.49,-2.39,-1.66,1.04,1.04,1.04
82.16,3.57,3.57,2.56,2.56,-2.57,-2.45,-1.61,1.00,1.00,1.00
82.98,3.61,3.61,2.63,2.64,-2.64,-2.51,-1.57,0.97,0.97,0.98
83.81,3.65,3.65,2.72,2.71,-2.71,-2.57,-1.52,0.94,0.93,0.93
84.65,3.68,3.68,2.78,2.78,-2.78,-2.64,-1.48,0.90,0.90,0.89
85.50,3.71,3.70,2.84,2.84,-2.83,-2.70,-1.43,0.87,0.87,0.86
86.35,3.72,3.72,2.89,2.89,-2.89,-2.77,-1.39,0.83,0.83,0.83
87.22,3.72,3.72,2.93,2.93,-2.93,-2.83,-1.35,0.78,0.78,0.79
88.09,3.72,3.72,2.97,2.97,-2.97,-2.89,-1.31,0.74,0.74,0.74
88.97,3.71,3.71,2.99,3.00,-3.01,-2.93,-1.27,0.70,0.70,0.71
89.86,3.70,3.69,3.02,3.02,-3.03,-2.97,-1.23,0.67,0.67,0.67
90.76,3.67,3.67,3.05,3.04,-3.04,-2.97,-1.19,0.63,0.63,0.62
91.66,3.64,3.64,3.05,3.05,-3.04,-2.98,-1.15,0.59,0.59,0.59
92.58,3.59,3.59,3.05,3.05,-3.04,-2.94,-1.12,0.55,0.55,0.53
93.51,3.53,3.53,3.03,3.03,-3.02,-2.90,-1.08,0.51,0.50,0.50
94.44,3.45,3.45,2.99,2.99,-2.99,-2.83,-1.05,0.45,0.45,0.46
95.39,3.36,3.36,2.94,2.95,-2.95,-2.75,-1.01,0.41,0.41,0.41
96.34,3.26,3.26,2.90,2.90,-2.90,-2.65,-0.98,0.36,0.36,0.36
97.30,3.16,3.15,2.84,2.84,-2.84,-2.54,-0.95,0.32,0.32,0.31
98.28,3.04,3.03,2.77,2.76,-2.76,-2.42,-0.92,0.27,0.27,0.27
99.26,2.90,2.90,2.68,2.68,-2.68,-2.31,-0.89,0.21,0.22,0.22
100.25,2.76,2.77,2.58,2.59,-2.60,-2.19,-0.86,0.16,0.17,0.18
101.25,2.64,2.62,2.51,2.50,-2.50,-2.08,-0.83,0.14,0.13,0.13
102.27,2.48,2.47,2.39,2.39,-2.39,-1.97,-0.80,0.09,0.08,0.08
103.29,2.31,2.32,2.28,2.28,-2.28,-1.86,-0.78,0.03,0.04,0.03
104.32,2.15,2.15,2.16,2.16,-2.15,-1.77,-0.75,-0.01,-0.01,-0.01
105.37,1.98,1.97,2.03,2.03,-2.02,-1.67,-0.73,-0.04,-0.05,-0.06
106.42,1.79,1.79,1.89,1.89,-1.88,-1.58,-0.70,-0.10,-0.10,-0.10
107.48,1.59,1.59,1.73,1.74,-1.74,-1.50,-0.68,-0.15,-0.15,-0.15
108.56,1.39,1.39,1.59,1.59,-1.59,-1.42,-0.66,-0.20,-0.20,-0.20
109.64,1.20,1.19,1.45,1.44,-1.44,-1.35,-0.64,-0.25,-0.25,-0.25
110.74,1.00,0.99,1.29,1.29,-1.30,-1.28,-0.62,-0.30,-0.31,-0.30
111.85,0.79,0.79,1.13,1.14,-1.15,-1.22,-0.60,-0.36,-0.36,-0.34
112.97,0.60,0.60,1.00,1.00,-1.01,-1.16,-0.59,-0.41,-0.41,-0.41
114.10,0.42,0.41,0.87,0.87,-0.87,-1.11,-0.57,-0.45,-0.46,-0.45
115.24,0.23,0.23,0.73,0.74,-0.73,-1.05,-0.56,-0.51,-0.50,-0.51
116.39,0.06,0.05,0.62,0.61,-0.60,-1.01,-0.55,-0.54,-0.55,-0.56
117.55,-0.13,-0.14,0.48,0.48,-0.47,-0.96,-0.54,-0.60,-0.61,-0.62
118.73,-0.32,-0.32,0.35,0.35,-0.34,-0.92,-0.53,-0.67,-0.66,-0.67
119.92,-0.49,-0.49,0.22,0.22,-0.22,-0.88,-0.52,-0.72,-0.72,-0.71
121.12,-0.66,-0.66,0.10,0.10,-0.11,-0.84,-0.51,-0.77,-0.77,-0.77
122.33,-0.81,-0.82,0.01,-0.00,-0.00,-0.81,-0.51,-0.82,-0.82,-0.82
123.55,-0.97,-0.97,-0.11,-0.10,0.09,-0.78,-0.50,-0.88,-0.87,-0.86
124.79,-1.09,-1.10,-0.18,-0.19,0.18,-0.75,-0.50,-0.92,-0.92,-0.91
126.03,-1.22,-1.22,-0.26,-0.26,0.25,-0.72,-0.50,-0.97,-0.97,-0.96
127.29,-1.32,-1.32,-0.31,-0.31,0.31,-0.70,-0.50,-1.01,-1.01,-1.01
128.57,-1.41,-1.42,-0.34,-0.35,0.37,-0.68,-0.50,-1.05,-1.06,-1.07
129.85,-1.51,-1.52,-0.39,-0.40,0.41,-0.66,-0.51,-1.11,-1.11,-1.12
131.15,-1.61,-1.60,-0.45,-0.44,0.44,-0.64,-0.51,-1.17,-1.16,-1.17
132.46,-1.68,-1.68,-0.47,-0.47,0.46,-0.63,-0.52,-1.22,-1.22,-1.22
133.79,-1.73,-1.74,-0.48,-0.48,0.47,-0.61,-0.53,-1.26,-1.27,-1.25
135.12,-1.78,-1.78,-0.48,-0.48,0.47,-0.60,-0.54,-1.31,-1.31,-1.31
136.48,-1.82,-1.81,-0.48,-0.47,0.46,-0.59,-0.55,-1.36,-1.35,-1.34
137.84,-1.83,-1.84,-0.45,-0.44,0.44,-0.59,-0.57,-1.39,-1.39,-1.39
139.22,-1.84,-1.85,-0.40,-0.41,0.42,-0.58,-0.58,-1.42,-1.42,-1.44
140.61,-1.85,-1.85,-0.37,-0.37,0.39,-0.58,-0.60,-1.46,-1.46,-1.48
142.02,-1.85,-1.86,-0.35,-0.35,0.36,-0.58,-0.61,-1.50,-1.50,-1.51
143.44,-1.86,-1.87,-0.32,-0.32,0.32,-0.58,-0.63,-1.54,-1.55,-1.55
144.87,-1.88,-1.87,-0.30,-0.29,0.28,-0.58,-0.65,-1.60,-1.59,-1.59
146.32,-1.87,-1.87,-0.25,-0.25,0.24,-0.59,-0.67,-1.64,-1.63,-1.63
147.78,-1.85,-1.86,-0.20,-0.20,0.19,-0.60,-0.69,-1.66,-1.67,-1.66
149.26,-1.83,-1.83,-0.14,-0.14,0.14,-0.61,-0.72,-1.69,-1.69,-1.69
150.75,-1.81,-1.82,-0.07,-0.08,0.09,-0.62,-0.74,-1.72,-1.73,-1.74
152.26,-1.80,-1.80,-0.03,-0.02,0.03,-0.63,-0.76,-1.77,-1.77,-1.78
153.78,-1.78,-1.78,0.03,0.03,-0.03,-0.65,-0.79,-1.81,-1.81,-1.81
155.32,-1.76,-1.76,0.09,0.09,-0.10,-0.66,-0.82,-1.86,-1.86,-1.86
156.88,-1.73,-1.74,0.16,0.16,-0.16,-0.68,-0.84,-1.89,-1.90,-1.89
158.44,-1.71,-1.71,0.22,0.22,-0.23,-0.70,-0.87,-1.94,-1.94,-1.93
160.03,-1.68,-1.68,0.29,0.30,-0.30,-0.72,-0.90,-1.98,-1.98,-1.98
161.63,-1.64,-1.65,0.37,0.37,-0.37,-0.75,-0.93,-2.01,-2.01,-2.02
163.24,-1.61,-1.61,0.45,0.44,-0.44,-0.77,-0.96,-2.05,-2.05,-2.06
164.88,-1.57,-1.58,0.52,0.51,-0.51,-0.80,-1.00,-2.08,-2.09,-2.09
166.53,-1.55,-1.55,0.57,0.58,-0.59,-0.83,-1.03,-2.14,-2.13,-2.13
168.19,-1.51,-1.51,0.65,0.66,-0.66,-0.86,-1.06,-2.17,-2.17,-2.17
169.87,-1.46,-1.47,0.74,0.74,-0.73,-0.89,-1.10,-2.20,-2.20,-2.20
171.57,-1.42,-1.43,0.82,0.81,-0.81,-0.92,-1.14,-2.23,-2.24,-2.24
173.29,-1.39,-1.39,0.88,0.89,-0.88,-0.96,-1.17,-2.28,-2.27,-2.28
175.02,-1.36,-1.35,0.95,0.96,-0.96,-0.99,-1.21,-2.33,-2.31,-2.31
176.77,-1.30,-1.32,1.05,1.04,-1.04,-1.03,-1.25,-2.35,-2.36,-2.36
178.54,-1.27,-1.28,1.13,1.12,-1.12,-1.07,-1.29,-2.40,-2.40,-2.40
180.32,-1.25,-1.24,1.18,1.20,-1.20,-1.11,-1.33,-2.46,-2.44,-2.43
182.13,-1.19,-1.20,1.27,1.27,-1.28,-1.15,-1.37,-2.48,-2.48,-2.47
183.95,-1.14,-1.14,1.37,1.36,-1.36,-1.19,-1.41,-2.50,-2.50,-2.51
185.79,-1.09,-1.09,1.45,1.45,-1.43,-1.24,-1.46,-2.53,-2.53,-2.54
187.65,-1.05,-1.06,1.53,1.52,-1.50,-1.28,-1.50,-2.56,-2.56,-2.58
189.52,-1.03,-1.03,1.58,1.58,-1.57,-1.33,-1.55,-2.60,-2.60,-2.61
191.42,-1.01,-1.01,1.63,1.63,-1.64,-1.37,-1.59,-2.65,-2.64,-2.64
193.33,-0.98,-0.98,1.69,1.69,-1.70,-1.42,-1.64,-2.68,-2.68,-2.67
195.27,-0.94,-0.95,1.75,1.75,-1.76,-1.47,-1.68,-2.70,-2.71,-2.70
197.22,-0.91,-0.92,1.81,1.81,-1.82,-1.52,-1.73,-2.73,-2.74,-2.72
199.19,-0.88,-0.88,1.88,1.88,-1.88,-1.57,-1.78,-2.76,-2.75,-2.76
201.18,-0.84,-0.84,1.94,1.94,-1.93,-1.62,-1.83,-2.78,-2.77,-2.78
203.19,-0.78,-0.80,2.01,2.00,-1.99,-1.66,-1.88,-2.78,-2.79,-2.79
205.23,-0.76,-0.76,2.06,2.05,-2.05,-1.71,-1.92,-2.82,-2.81,-2.82
207.28,-0.73,-0.73,2.09,2.10,-2.11,-1.76,-1.97,-2.84,-2.84,-2.83
209.35,-0.69,-0.70,2.16,2.15,-2.17,-1.81,-2.02,-2.86,-2.86,-2.85
211.44,-0.66,-0.65,2.21,2.21,-2.22,-1.86,-2.07,-2.88,-2.87,-2.87
213.56,-0.60,-0.61,2.27,2.27,-2.27,-1.91,-2.11,-2.87,-2.88,-2.88
215.69,-0.56,-0.56,2.32,2.32,-2.32,-1.96,-2.16,-2.88,-2.88,-2.88
217.85,-0.52,-0.52,2.37,2.37,-2.36,-2.01,-2.20,-2.88,-2.88,-2.89
220.03,-0.49,-0.51,2.41,2.40,-2.40,-2.05,-2.24,-2.89,-2.90,-2.91
222.23,-0.49,-0.48,2.42,2.43,-2.43,-2.10,-2.29,-2.92,-2.91,-2.92
224.45,-0.47,-0.45,2.44,2.46,-2.46,-2.14,-2.33,-2.93,-2.91,-2.91
226.70,-0.40,-0.43,2.51,2.48,-2.48,-2.19,-2.36,-2.88,-2.91,-2.91
228.96,-0.40,-0.41,2.51,2.50,-2.50,-2.23,-2.40,-2.90,-2.90,-2.91
231.25,-0.40,-0.39,2.50,2.51,-2.51,-2.27,-2.43,-2.91,-2.90,-2.90
233.57,-0.39,-0.39,2.51,2.52,-2.52,-2.31,-2.46,-2.92,-2.91,-2.90
235.90,-0.36,-0.37,2.54,2.53,-2.53,-2.35,-2.49,-2.90,-2.90,-2.90
238.26,-0.35,-0.36,2.55,2.54,-2.54,-2.39,-2.51,-2.89,-2.90,-2.90
240.64,-0.34,-0.35,2.55,2.54,-2.55,-2.42,-2.53,-2.89,-2.89,-2.89
243.05,-0.34,-0.33,2.54,2.55,-2.55,-2.46,-2.55,-2.89,-2.88,-2.88
245.48,-0.31,-0.31,2.55,2.56,-2.56,-2.49,-2.56,-2.87,-2.87,-2.87
247.93,-0.28,-0.30,2.57,2.56,-2.56,-2.52,-2.57,-2.84,-2.86,-2.86
250.41,-0.28,-0.28,2.57,2.57,-2.56,-2.54,-2.57,-2.85,-2.84,-2.85
252.92,-0.27,-0.27,2.56,2.56,-2.57,-2.57,-2.58,-2.84,-2.83,-2.83
255.45,-0.25,-0.25,2.55,2.56,-2.57,-2.59,-2.57,-2.82,-2.82,-2.81
258.00,-0.23,-0.23,2.56,2.56,-2.56,-2.61,-2.57,-2.80,-2.80,-2.79
260.58,-0.21,-0.22,2.57,2.56,-2.56,-2.63,-2.56,-2.77,-2.77,-2.78
263.19,-0.20,-0.20,2.56,2.56,-2.55,-2.64,-2.55,-2.75,-2.75,-2.76
265.82,-0.20,-0.20,2.54,2.55,-2.54,-2.65,-2.53,-2.74,-2.74,-2.74
268.48,-0.18,-0.19,2.54,2.53,-2.53,-2.66,-2.51,-2.71,-2.72,-2.72
271.16,-0.19,-0.19,2.50,2.51,-2.52,-2.67,-2.49,-2.71,-2.71,-2.70
273.87,-0.19,-0.19,2.49,2.49,-2.50,-2.67,-2.46,-2.70,-2.69,-2.68
276.61,-0.18,-0.18,2.47,2.48,-2.48,-2.68,-2.44,-2.67,-2.67,-2.66
279.38,-0.17,-0.17,2.47,2.47,-2.46,-2.68,-2.41,-2.63,-2.64,-2.64
282.17,-0.17,-0.17,2.46,2.45,-2.44,-2.67,-2.38,-2.61,-2.61,-2.63
284.99,-0.17,-0.18,2.43,2.42,-2.41,-2.67,-2.35,-2.58,-2.59,-2.60
287.84,-0.20,-0.20,2.38,2.39,-2.38,-2.66,-2.31,-2.59,-2.58,-2.59
290.72,-0.22,-0.21,2.34,2.35,-2.36,-2.65,-2.28,-2.58,-2.57,-2.56
293.63,-0.22,-0.23,2.32,2.32,-2.33,-2.64,-2.24,-2.55,-2.56,-2.55
296.57,-0.23,-0.23,2.29,2.29,-2.30,-2.63,-2.20,-2.54,-2.54,-2.52
299.53,-0.24,-0.24,2.26,2.27,-2.27,-2.61,-2.17,-2.51,-2.51,-2.51
302.53,-0.24,-0.24,2.25,2.24,-2.24,-2.59,-2.13,-2.48,-2.48,-2.49
305.55,-0.24,-0.24,2.21,2.22,-2.20,-2.57,-2.09,-2.44,-2.45,-2.45
308.61,-0.24,-0.24,2.19,2.19,-2.17,-2.55,-2.06,-2.41,-2.41,-2.44
311.69,-0.26,-0.26,2.15,2.15,-2.13,-2.53,-2.02,-2.39,-2.39,-2.41
314.81,-0.26,-0.29,2.11,2.09,-2.09,-2.50,-1.98,-2.35,-2.38,-2.37
317.96,-0.33,-0.32,2.02,2.04,-2.05,-2.48,-1.95,-2.39,-2.37,-2.36
321.14,-0.36,-0.34,1.98,2.00,-2.02,-2.45,-1.91,-2.38,-2.35,-2.34
324.35,-0.32,-0.34,2.00,1.98,-1.99,-2.42,-1.88,-2.31,-2.33,-2.32
327.59,-0.31,-0.33,1.98,1.97,-1.97,-2.39,-1.85,-2.28,-2.30,-2.30
330.87,-0.31,-0.32,1.97,1.96,-1.97,-2.36,-1.81,-2.28,-2.29,-2.28
334.18,-0.33,-0.32,1.93,1.94,-1.97,-2.33,-1.78,-2.30,-2.29,-2.26
337.52,-0.29,-0.28,1.95,1.96,-1.98,-2.30,-1.75,-2.28,-2.26,-2.24
340.90,-0.22,-0.23,1.99,1.99,-2.00,-2.27,-1.72,-2.22,-2.22,-2.22
344.30,-0.15,-0.17,2.05,2.03,-2.01,-2.23,-1.70,-2.17,-2.18,-2.20
347.75,-0.12,-0.13,2.06,2.05,-2.03,-2.20,-1.67,-2.15,-2.15,-2.18
351.23,-0.11,-0.11,2.05,2.05,-2.04,-2.17,-1.64,-2.15,-2.15,-2.16
354.74,-0.11,-0.10,2.03,2.04,-2.04,-2.13,-1.62,-2.15,-2.14,-2.15
358.28,-0.09,-0.10,2.03,2.03,-2.04,-2.10,-1.60,-2.13,-2.13,-2.13
361.87,-0.08,-0.08,2.03,2.03,-2.02,-2.06,-1.58,-2.11,-2.11,-2.11
365.49,-0.08,-0.08,2.01,2.01,-2.01,-2.03,-1.56,-2.09,-2.09,-2.09
369.14,-0.08,-0.10,2.00,1.99,-1.99,-1.99,-1.54,-2.07,-2.09,-2.08
372.83,-0.11,-0.11,1.95,1.96,-1.97,-1.96,-1.52,-2.08,-2.08,-2.07
376.56,-0.13,-0.11,1.92,1.94,-1.95,-1.92,-1.50,-2.08,-2.06,-2.06
380.33,-0.10,-0.11,1.93,1.92,-1.93,-1.89,-1.49,-2.03,-2.04,-2.03
384.13,-0.10,-0.11,1.92,1.91,-1.90,-1.85,-1.47,-2.01,-2.01,-2.02
387.97,-0.11,-0.12,1.90,1.89,-1.88,-1.82,-1.46,-1.99,-2.00,-2.01
391.85,-0.14,-0.14,1.86,1.86,-1.86,-1.78,-1.45,-2.00,-2.00,-2.00
395.77,-0.17,-0.16,1.81,1.82,-1.83,-1.75,-1.44,-2.00,-1.99,-1.99
399.73,-0.18,-0.18,1.79,1.79,-1.80,-1.72,-1.43,-1.98,-1.98,-1.98
403.72,-0.19,-0.20,1.77,1.77,-1.77,-1.68,-1.42,-1.96,-1.97,-1.97
407.76,-0.21,-0.21,1.75,1.74,-1.74,-1.65,-1.41,-1.95,-1.95,-1.96
411.84,-0.23,-0.23,1.71,1.71,-1.70,-1.62,-1.40,-1.94,-1.94,-1.94
415.96,-0.26,-0.26,1.67,1.67,-1.67,-1.58,-1.40,-1.94,-1.94,-1.93
420.12,-0.28,-0.29,1.64,1.63,-1.65,-1.55,-1.39,-1.93,-1.93,-1.92
424.32,-0.31,-0.31,1.60,1.61,-1.62,-1.52,-1.38,-1.93,-1.92,-1.91
428.56,-0.32,-0.32,1.58,1.59,-1.59,-1.49,-1.38,-1.91,-1.91,-1.91
432.85,-0.32,-0.33,1.57,1.56,-1.56,-1.46,-1.37,-1.89,-1.90,-1.90
437.18,-0.35,-0.35,1.53,1.53,-1.53,-1.43,-1.37,-1.89,-1.88,-1.89
441.55,-0.37,-0.37,1.50,1.50,-1.50,-1.40,-1.36,-1.87,-1.87,-1.87
445.96,-0.39,-0.39,1.47,1.47,-1.46,-1.38,-1.36,-1.85,-1.85,-1.86
450.42,-0.41,-0.42,1.44,1.43,-1.42,-1.35,-1.36,-1.83,-1.83,-1.85
454.93,-0.44,-0.46,1.39,1.38,-1.37,-1.32,-1.35,-1.81,-1.82,-1.83
459.48,-0.51,-0.50,1.31,1.31,-1.31,-1.30,-1.35,-1.83,-1.82,-1.82
464.07,-0.56,-0.55,1.24,1.25,-1.26,-1.27,-1.34,-1.82,-1.81,-1.80
468.71,-0.59,-0.60,1.19,1.19,-1.20,-1.24,-1.34,-1.79,-1.80,-1.78
473.40,-0.63,-0.64,1.14,1.13,-1.13,-1.22,-1.33,-1.77,-1.77,-1.77
478.13,-0.68,-0.68,1.07,1.07,-1.07,-1.20,-1.32,-1.75,-1.75,-1.75
482.91,-0.73,-0.73,1.01,1.01,-1.00,-1.17,-1.32,-1.74,-1.73,-1.75
487.74,-0.77,-0.77,0.95,0.96,-0.94,-1.15,-1.31,-1.72,-1.71,-1.73
492.62,-0.80,-0.81,0.90,0.90,-0.89,-1.13,-1.30,-1.69,-1.70,-1.71
497.55,-0.85,-0.86,0.84,0.84,-0.84,-1.11,-1.29,-1.69,-1.70,-1.70
502.52,-0.89,-0.90,0.78,0.78,-0.81,-1.09,-1.28,-1.70,-1.70,-1.68
507.55,-0.93,-0.91,0.74,0.75,-0.79,-1.07,-1.27,-1.72,-1.70,-1.67
512.62,-0.90,-0.90,0.75,0.75,-0.78,-1.05,-1.26,-1.68,-1.68,-1.65
517.75,-0.86,-0.87,0.77,0.76,-0.78,-1.03,-1.25,-1.64,-1.65,-1.63
522.93,-0.82,-0.83,0.79,0.79,-0.79,-1.01,-1.23,-1.61,-1.61,-1.61
528.16,-0.79,-0.78,0.81,0.82,-0.80,-0.99,-1.22,-1.59,-1.58,-1.60
533.44,-0.74,-0.75,0.84,0.83,-0.80,-0.98,-1.21,-1.55,-1.55,-1.58
538.77,-0.71,-0.73,0.85,0.83,-0.81,-0.96,-1.19,-1.52,-1.53,-1.56
544.16,-0.73,-0.72,0.81,0.82,-0.80,-0.94,-1.18,-1.53,-1.52,-1.54
549.60,-0.74,-0.74,0.78,0.78,-0.78,-0.93,-1.16,-1.52,-1.52,-1.52
555.10,-0.76,-0.77,0.75,0.74,-0.75,-0.91,-1.14,-1.51,-1.52,-1.51
560.65,-0.80,-0.79,0.69,0.70,-0.71,-0.90,-1.13,-1.51,-1.50,-1.49
566.25,-0.82,-0.82,0.65,0.66,-0.66,-0.89,-1.11,-1.49,-1.49,-1.47
571.92,-0.84,-0.85,0.62,0.62,-0.61,-0.87,-1.09,-1.45,-1.46,-1.46
577.64,-0.87,-0.87,0.58,0.58,-0.56,-0.86,-1.08,-1.43,-1.43,-1.45
583.41,-0.90,-0.90,0.53,0.53,-0.51,-0.85,-1.06,-1.41,-1.41,-1.43
589.25,-0.93,-0.94,0.48,0.48,-0.47,-0.84,-1.04,-1.40,-1.41,-1.42
595.14,-0.97,-0.97,0.42,0.43,-0.44,-0.83,-1.03,-1.42,-1.41,-1.40
601.09,-0.99,-0.99,0.39,0.39,-0.43,-0.82,-1.01,-1.42,-1.42,-1.39
607.10,-0.98,-0.98,0.38,0.38,-0.43,-0.81,-0.99,-1.41,-1.41,-1.37
613.17,-0.95,-0.93,0.39,0.41,-0.44,-0.80,-0.97,-1.40,-1.38,-1.35
619.30,-0.85,-0.86,0.47,0.47,-0.47,-0.80,-0.96,-1.32,-1.33,-1.33
625.50,-0.75,-0.77,0.55,0.54,-0.51,-0.79,-0.94,-1.26,-1.28,-1.31
631.75,-0.70,-0.70,0.59,0.59,-0.56,-0.78,-0.93,-1.26,-1.26,-1.30
638.07,-0.65,-0.65,0.62,0.63,-0.61,-0.78,-0.91,-1.27,-1.27,-1.28
644.45,-0.61,-0.61,0.65,0.66,-0.67,-0.77,-0.90,-1.28,-1.28,-1.27
650.89,-0.56,-0.55,0.69,0.70,-0.72,-0.77,-0.88,-1.28,-1.27,-1.25
657.40,-0.48,-0.48,0.76,0.75,-0.76,-0.76,-0.87,-1.24,-1.24,-1.24
663.98,-0.41,-0.42,0.81,0.80,-0.79,-0.76,-0.86,-1.20,-1.21,-1.22
670.62,-0.36,-0.37,0.85,0.84,-0.81,-0.76,-0.84,-1.17,-1.18,-1.21
677.32,-0.35,-0.35,0.85,0.85,-0.83,-0.76,-0.83,-1.18,-1.18,-1.20
684.10,-0.34,-0.34,0.85,0.85,-0.85,-0.76,-0.82,-1.19,-1.19,-1.19
690.94,-0.33,-0.33,0.84,0.85,-0.86,-0.76,-0.81,-1.19,-1.18,-1.17
697.85,-0.30,-0.30,0.86,0.86,-0.86,-0.76,-0.80,-1.17,-1.17,-1.16
704.83,-0.28,-0.29,0.87,0.86,-0.87,-0.76,-0.79,-1.15,-1.16,-1.15
711.87,-0.27,-0.28,0.87,0.86,-0.87,-0.76,-0.78,-1.14,-1.14,-1.14
718.99,-0.28,-0.26,0.85,0.87,-0.87,-0.76,-0.77,-1.15,-1.13,-1.13
726.18,-0.23,-0.24,0.89,0.88,-0.87,-0.77,-0.77,-1.11,-1.12,-1.12
733.44,-0.21,-0.23,0.90,0.88,-0.88,-0.77,-0.76,-1.09,-1.11,-1.11
740.78,-0.21,-0.21,0.88,0.88,-0.89,-0.78,-0.75,-1.10,-1.10,-1.09
748.19,-0.21,-0.20,0.87,0.89,-0.89,-0.78,-0.75,-1.11,-1.09,-1.08
755.67,-0.17,-0.18,0.91,0.90,-0.90,-0.79,-0.74,-1.08,-1.08,-1.08
763.23,-0.14,-0.16,0.93,0.92,-0.91,-0.80,-0.73,-1.05,-1.07,-1.07
770.86,-0.14,-0.14,0.92,0.92,-0.92,-0.80,-0.73,-1.06,-1.06,-1.06
778.57,-0.13,-0.13,0.92,0.92,-0.92,-0.81,-0.73,-1.06,-1.05,-1.05
786.35,-0.12,-0.12,0.92,0.93,-0.93,-0.82,-0.72,-1.05,-1.05,-1.04
794.22,-0.09,-0.10,0.95,0.94,-0.93,-0.83,-0.72,-1.02,-1.03,-1.04
802.16,-0.08,-0.09,0.95,0.94,-0.93,-0.84,-0.72,-1.02,-1.02,-1.03
810.18,-0.08,-0.09,0.94,0.94,-0.93,-0.85,-0.71,-1.02,-1.02,-1.02
818.28,-0.09,-0.09,0.93,0.93,-0.94,-0.86,-0.71,-1.03,-1.03,-1.02
826.46,-0.09,-0.09,0.92,0.93,-0.94,-0.87,-0.71,-1.03,-1.03,-1.01
834.73,-0.07,-0.08,0.94,0.93,-0.95,-0.88,-0.71,-1.02,-1.03,-1.01
843.08,-0.06,-0.06,0.94,0.94,-0.95,-0.89,-0.71,-1.01,-1.01,-1.00
851.51,-0.05,-0.04,0.95,0.96,-0.95,-0.90,-0.70,-1.00,-0.99,-1.00
860.02,-0.01,-0.03,0.98,0.97,-0.95,-0.91,-0.70,-0.97,-0.98,-0.99
868.62,-0.01,-0.02,0.98,0.97,-0.96,-0.91,-0.70,-0.97,-0.97,-0.99
877.31,-0.02,-0.02,0.96,0.96,-0.96,-0.92,-0.70,-0.98,-0.98,-0.98
886.08,-0.03,-0.03,0.94,0.95,-0.96,-0.93,-0.70,-0.99,-0.99,-0.97
894.94,-0.02,-0.03,0.94,0.94,-0.96,-0.93,-0.69,-0.98,-0.99,-0.96
903.89,-0.02,-0.02,0.94,0.94,-0.95,-0.93,-0.69,-0.98,-0.97,-0.96
912.93,-0.00,0.00,0.95,0.95,-0.95,-0.94,-0.69,-0.95,-0.95,-0.95
922.06,0.02,0.00,0.96,0.95,-0.94,-0.93,-0.69,-0.92,-0.94,-0.94
931.28,0.01,0.00,0.95,0.94,-0.93,-0.93,-0.68,-0.92,-0.93,-0.94
940.59,-0.02,-0.01,0.91,0.93,-0.92,-0.93,-0.68,-0.94,-0.93,-0.93
950.00,-0.01,-0.01,0.91,0.91,-0.91,-0.92,-0.67,-0.92,-0.92,-0.92
959.50,-0.00,-0.01,0.91,0.90,-0.90,-0.91,-0.67,-0.90,-0.91,-0.91
969.09,-0.01,-0.02,0.88,0.88,-0.89,-0.90,-0.66,-0.90,-0.90,-0.89
978.78,-0.02,-0.02,0.86,0.86,-0.88,-0.88,-0.66,-0.90,-0.90,-0.88
988.57,-0.03,-0.02,0.84,0.85,-0.86,-0.87,-0.65,-0.89,-0.88,-0.87
998.46,-0.00,-0.00,0.85,0.85,-0.85,-0.85,-0.64,-0.85,-0.85,-0.85
1008.44,0.02,0.01,0.85,0.85,-0.83,-0.83,-0.63,-0.81,-0.82,-0.83
1018.53,0.03,0.01,0.84,0.83,-0.81,-0.80,-0.62,-0.79,-0.80,-0.81
1028.71,-0.00,0.00,0.79,0.80,-0.79,-0.78,-0.61,-0.80,-0.79,-0.79
1039.00,-0.01,-0.01,0.76,0.77,-0.77,-0.75,-0.60,-0.79,-0.78,-0.77
1049.39,-0.01,-0.02,0.74,0.74,-0.75,-0.72,-0.59,-0.76,-0.77,-0.75
1059.88,-0.01,-0.02,0.72,0.71,-0.72,-0.69,-0.58,-0.73,-0.74,-0.73
1070.48,-0.02,-0.02,0.68,0.69,-0.69,-0.66,-0.56,-0.72,-0.71,-0.70
1081.19,-0.01,-0.01,0.66,0.66,-0.66,-0.62,-0.55,-0.67,-0.67,-0.67
1092.00,-0.00,-0.01,0.64,0.63,-0.63,-0.59,-0.54,-0.63,-0.64,-0.64
1102.92,-0.01,-0.01,0.60,0.60,-0.60,-0.55,-0.52,-0.61,-0.61,-0.61
1113.95,-0.02,-0.02,0.56,0.56,-0.56,-0.52,-0.50,-0.58,-0.58,-0.58
1125.09,-0.02,-0.02,0.52,0.52,-0.52,-0.48,-0.49,-0.55,-0.55,-0.54
1136.34,-0.03,-0.02,0.47,0.48,-0.48,-0.44,-0.47,-0.51,-0.50,-0.50
1147.70,-0.01,-0.03,0.44,0.43,-0.43,-0.40,-0.45,-0.44,-0.46,-0.45
1159.18,-0.03,-0.03,0.38,0.38,-0.38,-0.36,-0.44,-0.41,-0.41,-0.41
1170.77,-0.05,-0.04,0.32,0.33,-0.32,-0.32,-0.42,-0.38,-0.36,-0.37
1182.48,-0.04,-0.06,0.28,0.27,-0.27,-0.28,-0.40,-0.31,-0.33,-0.32
1194.30,-0.06,-0.07,0.21,0.21,-0.21,-0.23,-0.38,-0.27,-0.28,-0.27
1206.25,-0.09,-0.08,0.13,0.14,-0.15,-0.19,-0.36,-0.24,-0.23,-0.22
1218.31,-0.08,-0.09,0.08,0.08,-0.09,-0.14,-0.35,-0.17,-0.17,-0.16
1230.49,-0.08,-0.09,0.03,0.02,-0.02,-0.09,-0.33,-0.11,-0.12,-0.11
1242.80,-0.09,-0.09,-0.03,-0.03,0.04,-0.04,-0.31,-0.05,-0.05,-0.06
1255.22,-0.11,-0.10,-0.11,-0.10,0.11,0.01,-0.29,-0.01,0.00,-0.00
1267.78,-0.10,-0.12,-0.16,-0.17,0.17,0.06,-0.27,0.07,0.05,0.06
1280.45,-0.13,-0.13,-0.25,-0.25,0.23,0.12,-0.25,0.10,0.11,0.12
1293.26,-0.13,-0.13,-0.32,-0.31,0.30,0.17,-0.23,0.17,0.17,0.19
1306.19,-0.13,-0.13,-0.38,-0.38,0.37,0.23,-0.21,0.24,0.24,0.25
1319.25,-0.11,-0.11,-0.43,-0.43,0.44,0.30,-0.19,0.33,0.33,0.32
1332.45,-0.10,-0.11,-0.49,-0.49,0.52,0.36,-0.17,0.41,0.41,0.39
1345.77,-0.10,-0.11,-0.56,-0.57,0.59,0.43,-0.15,0.49,0.48,0.46
1359.23,-0.12,-0.13,-0.65,-0.66,0.66,0.50,-0.13,0.53,0.53,0.53
1372.82,-0.15,-0.15,-0.76,-0.75,0.72,0.57,-0.11,0.57,0.58,0.61
1386.55,-0.15,-0.14,-0.83,-0.82,0.79,0.65,-0.09,0.63,0.64,0.68
1400.41,-0.12,-0.12,-0.87,-0.86,0.85,0.72,-0.07,0.73,0.73,0.75
1414.42,-0.07,-0.08,-0.89,-0.90,0.91,0.80,-0.05,0.83,0.83,0.82
1428.56,-0.03,-0.05,-0.93,-0.94,0.95,0.88,-0.03,0.92,0.91,0.90
1442.85,-0.02,-0.02,-0.99,-0.98,0.99,0.95,-0.01,0.97,0.98,0.97
1457.28,-0.00,0.00,-1.04,-1.03,1.03,1.02,0.01,1.03,1.03,1.04
1471.85,0.04,0.03,-1.07,-1.07,1.06,1.09,0.03,1.10,1.09,1.11
1486.57,0.08,0.08,-1.10,-1.10,1.09,1.15,0.05,1.17,1.17,1.18
1501.43,0.13,0.14,-1.13,-1.12,1.12,1.20,0.07,1.25,1.26,1.26
1516.45,0.21,0.20,-1.14,-1.14,1.15,1.24,0.09,1.36,1.35,1.34
1531.61,0.27,0.25,-1.16,-1.17,1.18,1.28,0.11,1.45,1.44,1.42
1546.93,0.30,0.32,-1.22,-1.20,1.21,1.29,0.13,1.51,1.53,1.51
1562.40,0.37,0.37,-1.24,-1.24,1.25,1.30,0.15,1.62,1.62,1.60
1578.02,0.44,0.42,-1.26,-1.27,1.29,1.29,0.17,1.72,1.70,1.69
1593.80,0.46,0.47,-1.32,-1.32,1.32,1.27,0.18,1.78,1.79,1.77
1609.74,0.51,0.51,-1.37,-1.36,1.35,1.23,0.20,1.86,1.86,1.87
1625.84,0.57,0.57,-1.41,-1.41,1.38,1.19,0.22,1.95,1.95,1.97
1642.10,0.65,0.66,-1.43,-1.42,1.40,1.14,0.24,2.05,2.06,2.07
1658.52,0.76,0.76,-1.43,-1.42,1.42,1.09,0.26,2.18,2.18,2.18
1675.10,0.88,0.86,-1.41,-1.42,1.44,1.03,0.27,2.31,2.30,2.28
1691.85,0.97,0.97,-1.42,-1.42,1.45,0.96,0.29,2.41,2.42,2.38
1708.77,1.07,1.07,-1.43,-1.42,1.45,0.90,0.31,2.52,2.52,2.49
1725.86,1.18,1.17,-1.43,-1.43,1.45,0.84,0.32,2.62,2.62,2.60
1743.12,1.29,1.28,-1.44,-1.44,1.43,0.77,0.33,2.72,2.72,2.72
1760.55,1.41,1.41,-1.43,-1.42,1.41,0.71,0.35,2.82,2.82,2.83
1778.15,1.56,1.56,-1.40,-1.39,1.38,0.65,0.36,2.93,2.94,2.95
1795.94,1.75,1.74,-1.32,-1.33,1.32,0.60,0.37,3.06,3.06,3.06
1813.90,1.95,1.96,-1.24,-1.23,1.23,0.54,0.38,3.18,3.19,3.18
1832.03,2.20,2.20,-1.11,-1.11,1.11,0.49,0.39,3.31,3.31,3.30
1850.36,2.49,2.45,-0.95,-0.98,0.96,0.45,0.39,3.45,3.41,3.43
1868.86,2.73,2.75,-0.83,-0.80,0.77,0.40,0.40,3.49,3.52,3.55
1887.55,3.08,3.10,-0.60,-0.58,0.54,0.36,0.40,3.61,3.63,3.67
1906.42,3.49,3.48,-0.31,-0.32,0.27,0.32,0.40,3.76,3.75,3.79
1925.49,3.93,3.90,0.00,-0.02,-0.02,0.29,0.40,3.91,3.89,3.92
1944.74,4.32,4.35,0.26,0.30,-0.32,0.25,0.40,4.00,4.04,4.05
1964.19,4.80,4.80,0.61,0.62,-0.61,0.22,0.39,4.18,4.19,4.18
1983.83,5.26,5.23,0.95,0.93,-0.90,0.19,0.38,4.36,4.34,4.30
2003.67,5.64,5.63,1.20,1.21,-1.15,0.16,0.37,4.49,4.48,4.43
2023.71,5.96,5.96,1.42,1.42,-1.36,0.14,0.36,4.59,4.60,4.53
2043.94,6.22,6.21,1.57,1.57,-1.52,0.11,0.35,4.69,4.69,4.64
2064.38,6.42,6.40,1.66,1.65,-1.63,0.09,0.33,4.79,4.77,4.75
2085.03,6.52,6.54,1.66,1.68,-1.67,0.07,0.31,4.85,4.87,4.85
2105.88,6.62,6.63,1.65,1.67,-1.66,0.04,0.29,4.96,4.98,4.96
2126.94,6.71,6.68,1.64,1.62,-1.60,0.02,0.27,5.10,5.08,5.06
2148.20,6.71,6.69,1.53,1.52,-1.51,0.01,0.25,5.20,5.19,5.17
2169.69,6.65,6.66,1.37,1.39,-1.39,-0.01,0.22,5.26,5.27,5.27
2191.38,6.60,6.60,1.22,1.22,-1.25,-0.03,0.19,5.35,5.35,5.37
2213.30,6.55,6.54,1.07,1.07,-1.09,-0.05,0.16,5.45,5.45,5.47
2235.43,6.49,6.50,0.90,0.92,-0.93,-0.06,0.13,5.56,5.57,5.58
2257.78,6.47,6.46,0.78,0.78,-0.76,-0.08,0.10,5.70,5.69,5.68
2280.36,6.42,6.39,0.64,0.61,-0.60,-0.09,0.06,5.82,5.79,5.77
2303.17,6.32,6.33,0.44,0.45,-0.44,-0.11,0.02,5.88,5.89,5.87
2326.20,6.25,6.29,0.27,0.31,-0.31,-0.12,-0.01,5.94,5.98,5.97
2349.46,6.28,6.25,0.20,0.18,-0.20,-0.14,-0.05,6.08,6.05,6.07
2372.95,6.27,6.23,0.11,0.07,-0.11,-0.15,-0.09,6.15,6.11,6.15
2396.68,6.19,6.24,-0.05,0.00,-0.06,-0.17,-0.13,6.13,6.18,6.23
2420.65,6.27,6.28,-0.04,-0.03,-0.02,-0.18,-0.18,6.24,6.25,6.30
2444.86,6.39,6.38,0.00,-0.00,-0.01,-0.19,-0.22,6.37,6.36,6.38
2469.31,6.52,6.52,0.06,0.06,-0.02,-0.21,-0.27,6.50,6.50,6.45
2494.00,6.66,6.64,0.12,0.11,-0.04,-0.22,-0.31,6.62,6.60,6.53
2518.94,6.74,6.73,0.13,0.13,-0.08,-0.24,-0.36,6.66,6.66,6.60
2544.13,6.81,6.81,0.14,0.14,-0.13,-0.25,-0.41,6.68,6.68,6.66
2569.57,6.87,6.87,0.14,0.14,-0.19,-0.26,-0.46,6.68,6.68,6.72
2595.27,6.97,6.98,0.17,0.19,-0.25,-0.28,-0.51,6.72,6.73,6.79
2621.22,7.10,7.13,0.24,0.27,-0.31,-0.29,-0.56,6.79,6.82,6.85
2647.43,7.33,7.30,0.41,0.39,-0.36,-0.31,-0.61,6.96,6.94,6.91
2673.90,7.48,7.47,0.50,0.50,-0.43,-0.32,-0.66,7.05,7.04,6.97
2700.64,7.61,7.60,0.58,0.57,-0.51,-0.34,-0.71,7.10,7.09,7.02
2727.65,7.71,7.69,0.62,0.61,-0.60,-0.35,-0.77,7.10,7.09,7.08
2754.93,7.77,7.81,0.63,0.67,-0.71,-0.37,-0.82,7.06,7.10,7.13
2782.48,7.95,7.94,0.76,0.75,-0.83,-0.38,-0.88,7.12,7.11,7.18
2810.30,8.13,8.10,0.89,0.87,-0.95,-0.40,-0.94,7.17,7.15,7.23
2838.40,8.28,8.31,1.00,1.03,-1.08,-0.41,-0.99,7.20,7.23,7.27
2866.79,8.49,8.51,1.18,1.20,-1.21,-0.43,-1.05,7.28,7.30,7.30
2895.46,8.75,8.71,1.40,1.36,-1.33,-0.45,-1.11,7.42,7.38,7.34
2924.41,8.87,8.86,1.49,1.49,-1.43,-0.47,-1.17,7.44,7.44,7.37
2953.65,8.96,8.96,1.55,1.55,-1.49,-0.49,-1.24,7.47,7.47,7.40
2983.19,8.99,9.00,1.54,1.56,-1.51,-0.51,-1.30,7.47,7.48,7.44
3013.02,9.00,8.98,1.52,1.51,-1.49,-0.53,-1.36,7.50,7.49,7.47
3043.15,8.95,8.93,1.43,1.42,-1.42,-0.55,-1.42,7.52,7.51,7.51
3073.58,8.81,8.84,1.26,1.29,-1.31,-0.57,-1.49,7.50,7.54,7.54
3104.32,8.73,8.72,1.14,1.13,-1.15,-0.59,-1.55,7.58,7.57,7.58
3135.36,8.58,8.59,0.96,0.97,-0.96,-0.61,-1.62,7.61,7.62,7.61
3166.72,8.38,8.42,0.73,0.78,-0.73,-0.64,-1.69,7.65,7.70,7.64
3198.38,8.15,8.15,0.49,0.49,-0.46,-0.66,-1.75,7.69,7.69,7.65
3230.37,7.67,7.70,-0.01,0.02,-0.19,-0.69,-1.82,7.48,7.51,7.67
3262.67,6.82,6.75,-0.87,-0.94,0.06,-0.71,-1.89,6.88,6.81,7.68
3295.30,5.44,5.17,-2.27,-2.54,0.27,-0.74,-1.95,5.71,5.44,7.70
3328.25,3.04,2.79,-4.68,-4.92,0.42,-0.77,-2.02,3.45,3.21,7.71
3361.53,0.68,0.66,-7.05,-7.07,0.49,-0.80,-2.08,1.17,1.15,7.72
3395.15,-1.28,-0.33,-9.01,-8.06,0.49,-0.83,-2.14,-0.80,0.16,7.72
3429.10,0.30,0.36,-7.43,-7.36,0.40,-0.86,-2.21,0.70,0.76,7.72
3463.39,2.51,2.24,-5.21,-5.48,0.24,-0.90,-2.27,2.75,2.48,7.71
3498.03,4.79,4.48,-2.93,-3.23,0.03,-0.93,-2.32,4.81,4.51,7.71
3533.01,6.08,6.05,-1.64,-1.66,-0.24,-0.97,-2.38,5.84,5.81,7.71
3568.34,7.04,7.08,-0.67,-0.62,-0.53,-1.00,-2.43,6.51,6.55,7.70
3604.02,7.72,7.73,0.04,0.05,-0.83,-1.04,-2.48,6.88,6.90,7.67
3640.06,8.27,8.28,0.61,0.62,-1.12,-1.08,-2.53,7.15,7.16,7.65
3676.46,8.72,8.73,1.08,1.10,-1.40,-1.13,-2.57,7.32,7.33,7.63
3713.22,9.11,9.12,1.50,1.51,-1.67,-1.17,-2.60,7.44,7.45,7.60
3750.36,9.47,9.46,1.88,1.88,-1.93,-1.22,-2.63,7.53,7.52,7.58
3787.86,9.73,9.74,2.18,2.20,-2.18,-1.26,-2.66,7.55,7.56,7.54
3825.74,9.97,9.95,2.46,2.44,-2.39,-1.31,-2.68,7.57,7.56,7.50
3864.00,10.10,10.09,2.63,2.63,-2.57,-1.36,-2.69,7.52,7.52,7.46
3902.64,10.16,10.18,2.73,2.75,-2.70,-1.42,-2.70,7.45,7.47,7.42
3941.66,10.21,10.20,2.81,2.80,-2.78,-1.47,-2.70,7.42,7.41,7.39
3981.08,10.18,10.17,2.82,2.82,-2.80,-1.53,-2.69,7.37,7.37,7.35
4020.89,10.09,10.09,2.78,2.79,-2.77,-1.59,-2.68,7.32,7.33,7.30
4061.10,9.97,9.95,2.72,2.70,-2.68,-1.65,-2.66,7.29,7.27,7.24
4101.71,9.76,9.76,2.57,2.57,-2.56,-1.71,-2.63,7.20,7.20,7.18
4142.73,9.53,9.54,2.39,2.41,-2.40,-1.77,-2.59,7.12,7.13,7.13
4184.15,9.30,9.29,2.22,2.22,-2.23,-1.84,-2.55,7.06,7.06,7.07
4226.00,9.05,9.05,2.03,2.04,-2.07,-1.91,-2.50,6.98,6.98,7.01
4268.26,8.81,8.80,1.85,1.86,-1.88,-1.98,-2.45,6.92,6.92,6.95
4310.94,8.57,8.55,1.69,1.67,-1.68,-2.05,-2.39,6.89,6.87,6.87
4354.05,8.30,8.31,1.50,1.51,-1.49,-2.12,-2.32,6.81,6.83,6.79
4397.59,8.09,8.12,1.36,1.39,-1.32,-2.19,-2.25,6.77,6.80,6.72
4441.56,7.93,7.94,1.28,1.30,-1.20,-2.27,-2.17,6.73,6.74,6.64
4485.98,7.76,7.72,1.19,1.16,-1.13,-2.34,-2.09,6.63,6.60,6.56
4530.84,7.44,7.32,0.95,0.84,-1.11,-2.42,-2.01,6.33,6.21,6.48
4576.15,6.93,6.86,0.53,0.46,-1.16,-2.49,-1.92,5.76,5.70,6.39
4621.91,6.38,6.59,0.06,0.27,-1.27,-2.56,-1.83,5.10,5.31,6.31
4668.13,6.57,6.69,0.34,0.47,-1.43,-2.63,-1.73,5.14,5.26,6.22
4714.81,7.20,7.14,1.06,1.00,-1.63,-2.70,-1.64,5.56,5.51,6.13
4761.96,7.85,7.71,1.79,1.67,-1.88,-2.76,-1.54,5.97,5.84,6.05
4809.58,8.15,8.13,2.19,2.17,-2.15,-2.82,-1.44,5.99,5.97,5.95
4857.67,8.32,8.35,2.45,2.48,-2.45,-2.87,-1.33,5.87,5.90,5.86
4906.25,8.45,8.44,2.67,2.67,-2.72,-2.92,-1.23,5.72,5.72,5.77
4955.31,8.56,8.56,2.88,2.89,-2.97,-2.96,-1.12,5.58,5.59,5.67
5004.87,8.67,8.72,3.08,3.13,-3.21,-2.99,-1.02,5.46,5.51,5.58
5054.91,8.90,8.89,3.39,3.38,-3.40,-3.01,-0.91,5.50,5.48,5.50
5105.46,9.05,9.03,3.62,3.60,-3.54,-3.02,-0.80,5.50,5.48,5.42
5156.52,9.11,9.09,3.75,3.74,-3.62,-3.01,-0.69,5.48,5.46,5.35
5208.08,9.03,9.04,3.75,3.77,-3.64,-3.00,-0.58,5.39,5.40,5.27
5260.16,8.88,8.89,3.68,3.69,-3.59,-2.96,-0.47,5.29,5.30,5.19
5312.77,8.66,8.63,3.54,3.51,-3.47,-2.92,-0.36,5.19,5.15,5.11
5365.89,8.26,8.25,3.22,3.21,-3.29,-2.84,-0.25,4.97,4.96,5.03
5419.55,7.75,7.75,2.79,2.80,-3.06,-2.76,-0.14,4.69,4.70,4.95
5473.75,7.16,7.16,2.27,2.28,-2.79,-2.66,-0.02,4.36,4.36,4.88
5528.49,6.52,6.49,1.71,1.69,-2.52,-2.54,0.09,4.00,3.97,4.80
5583.77,5.77,5.76,1.04,1.03,-2.24,-2.40,0.20,3.53,3.52,4.72
5639.61,5.00,5.00,0.33,0.33,-1.97,-2.25,0.32,3.03,3.03,4.66
5696.00,4.21,4.21,-0.39,-0.39,-1.70,-2.07,0.43,2.50,2.51,4.59
5752.96,3.43,3.42,-1.11,-1.12,-1.44,-1.89,0.55,1.98,1.97,4.53
5810.49,2.63,2.61,-1.85,-1.87,-1.19,-1.68,0.67,1.44,1.42,4.47
5868.60,1.79,1.75,-2.63,-2.66,-0.93,-1.46,0.78,0.86,0.83,4.41
5927.28,0.93,0.92,-3.43,-3.44,-0.67,-1.22,0.90,0.26,0.25,4.35
5986.56,0.06,0.18,-4.23,-4.10,-0.41,-0.98,1.02,-0.35,-0.23,4.28
6046.42,-0.50,-0.46,-4.71,-4.67,-0.15,-0.73,1.15,-0.66,-0.62,4.20
6106.89,-1.06,-1.08,-5.18,-5.20,0.11,-0.46,1.27,-0.96,-0.98,4.11
6167.96,-1.79,-1.73,-5.82,-5.76,0.36,-0.19,1.39,-1.43,-1.37,4.02
6229.64,-2.64,-2.46,-6.58,-6.40,0.62,0.09,1.51,-2.02,-1.84,3.93
6291.93,-3.45,-3.19,-7.30,-7.05,0.88,0.38,1.64,-2.57,-2.31,3.84
6354.85,-4.21,-3.87,-7.98,-7.65,1.14,0.67,1.77,-3.07,-2.73,3.76
6418.40,-4.96,-4.48,-8.65,-8.19,1.40,0.96,1.90,-3.57,-3.09,3.68
6482.58,-5.75,-5.03,-9.37,-8.66,1.66,1.26,2.02,-4.10,-3.38,3.61
6547.41,-6.42,-5.44,-9.96,-8.99,1.91,1.55,2.15,-4.51,-3.53,3.53
6612.88,-6.97,-5.64,-10.43,-9.11,2.17,1.84,2.28,-4.80,-3.47,3.45
6679.01,-7.19,-5.60,-10.57,-8.99,2.43,2.13,2.41,-4.76,-3.17,3.37
6745.80,-7.17,-5.38,-10.47,-8.69,2.69,2.42,2.54,-4.48,-2.69,3.29
6813.26,-7.01,-5.03,-10.22,-8.24,2.95,2.69,2.67,-4.07,-2.09,3.20
6881.39,-6.69,-4.63,-9.80,-7.74,3.21,2.96,2.80,-3.49,-1.42,3.10
6950.21,-6.18,-4.25,-9.20,-7.27,3.46,3.21,2.92,-2.72,-0.79,3.01
7019.71,-5.66,-3.96,-8.59,-6.87,3.72,3.46,3.05,-1.94,-0.24,2.92
7089.91,-5.32,-3.78,-8.16,-6.59,3.98,3.68,3.17,-1.34,0.20,2.83
7160.81,-5.05,-3.71,-7.79,-6.41,4.26,3.89,3.29,-0.79,0.55,2.73
7232.41,-4.76,-3.70,-7.39,-6.29,4.56,4.06,3.40,-0.21,0.85,2.62
7304.74,-4.43,-3.73,-6.95,-6.20,4.83,4.23,3.51,0.40,1.11,2.51
7377.79,-3.98,-3.78,-6.39,-6.14,5.08,4.35,3.60,1.10,1.30,2.40
7451.56,-3.58,-3.84,-5.88,-6.08,5.29,4.46,3.70,1.71,1.45,2.29
7526.08,-3.15,-3.87,-5.34,-6.00,5.44,4.52,3.78,2.29,1.57,2.18
7601.34,-2.63,-3.87,-4.72,-5.88,5.54,4.57,3.86,2.90,1.66,2.08
7677.35,-2.12,-3.83,-4.11,-5.71,5.57,4.57,3.92,3.45,1.74,1.98
7754.13,-1.62,-3.79,-3.51,-5.56,5.55,4.57,3.98,3.92,1.75,1.88
7831.67,-1.14,-3.77,-2.93,-5.41,5.47,4.51,4.01,4.33,1.70,1.78
7909.98,-0.70,-3.75,-2.39,-5.27,5.35,4.45,4.04,4.65,1.60,1.68
7989.08,-0.33,-3.75,-1.92,-5.14,5.21,4.35,4.05,4.87,1.46,1.58
8068.98,-0.32,-3.75,-1.80,-5.01,5.05,4.25,4.06,4.73,1.30,1.47
8149.67,-0.57,-3.75,-1.94,-4.89,4.90,4.10,4.03,4.33,1.15,1.36
8231.16,-1.16,-3.77,-2.41,-4.78,4.79,3.96,4.01,3.62,1.02,1.24
8313.47,-2.52,-3.79,-3.66,-4.68,4.69,3.80,3.96,2.16,0.90,1.13
8396.61,-4.27,-3.82,-5.30,-4.58,4.59,3.63,3.92,0.31,0.77,1.02
8480.57,-6.68,-3.85,-7.60,-4.49,4.49,3.44,3.84,-2.19,0.64,0.91
8565.38,-9.87,-3.89,-10.66,-4.39,4.39,3.26,3.77,-5.48,0.51,0.78
8651.03,-12.72,-3.91,-13.38,-4.30,4.29,3.07,3.67,-8.43,0.38,0.65
8737.54,-14.52,-3.93,-15.05,-4.19,4.18,2.87,3.58,-10.35,0.25,0.52
8824.92,-12.83,-3.94,-13.23,-4.07,4.05,2.68,3.47,-8.78,0.12,0.39
8913.17,-10.32,-3.92,-10.59,-3.93,3.91,2.48,3.36,-6.41,-0.01,0.26
9002.30,-7.74,-3.89,-7.89,-3.77,3.75,2.29,3.23,-3.99,-0.14,0.14
9092.32,-6.20,-3.83,-6.20,-3.60,3.58,2.09,3.11,-2.63,-0.26,-0.01
9183.25,-5.18,-3.76,-5.03,-3.40,3.39,1.91,2.98,-1.79,-0.37,-0.16
9275.08,-4.51,-3.68,-4.21,-3.20,3.20,1.72,2.84,-1.31,-0.48,-0.31
9367.83,-4.17,-3.59,-3.73,-3.00,3.01,1.53,2.71,-1.16,-0.58,-0.45
9461.51,-4.37,-3.50,-3.78,-2.80,2.82,1.35,2.57,-1.56,-0.68,-0.60
9556.12,-4.70,-3.43,-3.95,-2.61,2.63,1.17,2.43,-2.07,-0.79,-0.76
9651.68,-5.11,-3.38,-4.18,-2.45,2.46,1.00,2.29,-2.65,-0.91,-0.94
9748.20,-5.63,-3.34,-4.53,-2.31,2.31,0.83,2.15,-3.33,-1.03,-1.11
9845.68,-6.01,-3.31,-4.73,-2.17,2.17,0.66,2.01,-3.85,-1.14,-1.29
9944.14,-6.41,-3.27,-4.96,-2.04,2.04,0.50,1.87,-4.37,-1.23,-1.46
10043.58,-6.81,-3.24,-5.19,-1.90,1.92,0.35,1.74,-4.89,-1.31,-1.63
10144.02,-7.22,-3.32,-5.43,-1.81,1.82,0.19,1.60,-5.40,-1.50,-1.80
10245.46,-7.09,-3.40,-5.13,-1.72,1.72,0.04,1.47,-5.37,-1.68,-1.97
10347.91,-6.57,-3.49,-4.44,-1.63,1.62,-0.10,1.34,-4.95,-1.86,-2.14
10451.39,-5.54,-3.57,-3.24,-1.54,1.53,-0.24,1.20,-4.02,-2.04,-2.31
10555.91,-3.78,-3.65,-1.31,-1.44,1.43,-0.38,1.07,-2.35,-2.22,-2.48
10661.46,-1.88,-3.73,0.77,-1.34,1.34,-0.51,0.94,-0.54,-2.39,-2.66
10768.08,-0.04,-3.82,2.81,-1.24,1.24,-0.64,0.82,1.20,-2.58,-2.86
10875.76,1.03,-3.90,4.07,-1.14,1.14,-0.77,0.69,2.17,-2.76,-3.05
10984.52,1.09,-3.98,4.33,-1.03,1.03,-0.89,0.57,2.12,-2.95,-3.25
11094.36,0.66,-4.07,4.10,-0.93,0.93,-1.01,0.44,1.58,-3.14,-3.45
11205.31,-0.21,-4.15,3.42,-0.82,0.82,-1.12,0.32,0.60,-3.33,-3.64
11317.36,-1.24,-4.24,2.61,-0.71,0.71,-1.24,0.19,-0.54,-3.53,-3.86
11430.53,-2.19,-4.32,1.88,-0.59,0.59,-1.34,0.07,-1.60,-3.73,-4.08
11544.84,-2.86,-4.41,1.42,-0.48,0.48,-1.45,-0.06,-2.39,-3.93,-4.29
11660.29,-3.24,-4.49,1.26,-0.36,0.36,-1.55,-0.18,-2.88,-4.13,-4.51
11776.89,-3.50,-4.58,1.22,-0.24,0.24,-1.65,-0.31,-3.26,-4.34,-4.73
11894.66,-3.53,-4.66,1.38,-0.12,0.12,-1.74,-0.44,-3.41,-4.55,-4.92
12013.60,-3.53,-4.75,1.58,0.01,-0.01,-1.84,-0.57,-3.54,-4.76,-5.12
12133.74,-3.50,-4.84,1.80,0.13,-0.13,-1.93,-0.70,-3.63,-4.97,-5.31
12255.08,-3.34,-4.92,2.15,0.26,-0.26,-2.01,-0.84,-3.60,-5.18,-5.50
12377.63,-3.05,-5.01,2.63,0.39,-0.39,-2.09,-0.98,-3.44,-5.40,-5.69
12501.41,-2.05,-5.10,3.82,0.52,-0.52,-2.18,-1.12,-2.58,-5.62,-5.88
12626.42,-0.17,-5.18,5.89,0.66,-0.66,-2.25,-1.27,-0.83,-5.84,-6.07
12752.68,2.03,-5.27,8.28,0.79,-0.79,-2.33,-1.43,1.23,-6.07,-6.26
12880.21,3.45,-5.36,9.89,0.93,-0.93,-2.40,-1.59,2.51,-6.29,-6.45
13009.01,4.36,-5.45,10.99,1.07,-1.07,-2.47,-1.76,3.28,-6.52,-6.64
13139.10,5.26,-5.54,12.08,1.22,-1.22,-2.53,-1.94,4.04,-6.75,-6.83
13270.49,5.11,-5.62,12.11,1.36,-1.36,-2.60,-2.12,3.75,-6.99,-7.01
13403.20,4.91,-5.71,12.06,1.51,-1.51,-2.66,-2.32,3.40,-7.22,-7.16
13537.23,4.72,-5.80,12.03,1.66,-1.66,-2.71,-2.52,3.06,-7.46,-7.32
13672.60,4.61,-5.89,12.08,1.81,-1.81,-2.77,-2.75,2.80,-7.70,-7.48
13809.33,4.58,-5.98,12.21,1.96,-1.96,-2.82,-2.98,2.61,-7.94,-7.64
13947.42,4.71,-6.07,12.50,2.12,-2.12,-2.87,-3.23,2.59,-8.19,-7.80
14086.90,4.90,-6.16,12.84,2.28,-2.28,-2.92,-3.49,2.62,-8.44,-7.95
14227.77,5.11,-6.25,13.18,2.44,-2.44,-2.97,-3.78,2.67,-8.69,-8.08
14370.04,5.22,-6.34,13.43,2.60,-2.60,-3.01,-4.08,2.62,-8.94,-8.22
14513.74,5.16,-6.43,13.51,2.76,-2.76,-3.05,-4.40,2.39,-9.20,-8.36
14658.88,4.40,-6.52,12.88,2.93,-2.93,-3.09,-4.73,1.47,-9.45,-8.49
14805.47,2.40,-6.62,11.02,3.10,-3.10,-3.13,-5.08,-0.70,-9.71,-8.63
14953.52,-1.68,-6.71,7.08,3.27,-3.27,-3.17,-5.44,-4.95,-9.98,-8.77
15103.06,-6.60,-6.80,2.33,3.44,-3.44,-3.20,-5.81,-10.04,-10.24,-8.94
15254.09,-11.76,-6.89,-2.65,3.61,-3.61,-3.23,-6.17,-15.38,-10.51,-9.12
15406.63,-11.82,-6.98,-2.53,3.79,-3.79,-3.26,-6.51,-15.61,-10.78,-9.30
15560.70,-11.54,-7.08,-2.06,3.97,-3.97,-3.29,-6.81,-15.51,-11.05,-9.49
15716.30,-10.72,-7.17,-1.06,4.15,-4.15,-3.32,-7.04,-14.87,-11.32,-9.67
15873.47,-10.24,-7.26,-0.40,4.33,-4.33,-3.34,-7.20,-14.58,-11.60,-9.85
16032.20,-9.84,-7.36,0.21,4.52,-4.52,-3.37,-7.23,-14.36,-11.88,-10.06
16192.52,-9.31,-7.45,1.03,4.71,-4.71,-3.39,-7.18,-14.02,-12.16,-10.35
16354.45,-8.60,-7.55,2.03,4.90,-4.90,-3.41,-6.97,-13.50,-12.44,-10.64
16517.99,-7.80,-7.64,3.12,5.09,-5.09,-3.43,-6.69,-12.89,-12.73,-10.93
16683.17,-7.01,-7.73,4.20,5.28,-5.28,-3.45,-6.29,-12.29,-13.02,-11.22
16850.01,-6.31,-7.83,5.19,5.48,-5.48,-3.47,-5.86,-11.79,-13.31,-11.51
17018.51,-5.76,-7.92,6.05,5.68,-5.68,-3.48,-5.37,-11.44,-13.60,-11.82
17188.69,-6.06,-8.02,6.23,5.88,-5.88,-3.50,-4.88,-11.94,-13.89,-12.30
17360.58,-6.63,-8.11,6.13,6.08,-6.08,-3.51,-4.39,-12.71,-14.19,-12.77
17534.18,-7.53,-8.21,5.71,6.28,-6.28,-3.52,-3.92,-13.82,-14.49,-13.25
17709.53,-9.20,-8.31,4.51,6.49,-6.49,-3.54,-3.48,-15.69,-14.80,-13.72
17886.62,-11.44,-8.40,2.75,6.70,-6.70,-3.55,-3.07,-18.14,-15.10,-14.20
18065.49,-13.88,-8.50,0.88,6.91,-6.91,-3.56,-2.70,-20.79,-15.41,-14.77
18246.14,-16.37,-8.60,-0.87,7.12,-7.12,-3.57,-2.35,-23.49,-15.72,-15.51
18428.60,-18.59,-8.69,-2.35,7.33,-7.33,-3.58,-2.04,-25.93,-16.03,-16.25
18612.89,-19.62,-8.79,-2.63,7.55,-7.55,-3.58,-1.76,-27.17,-16.34,-17.00
18799.02,-19.36,-8.89,-1.63,7.77,-7.77,-3.59,-1.51,-27.13,-16.66,-17.74
18987.01,-17.64,-8.99,0.83,7.99,-7.99,-3.60,-1.28,-25.63,-16.98,-18.48
19176.88,-15.65,-9.09,3.86,8.22,-8.22,-3.60,-1.09,-23.87,-17.30,-19.52
19368.65,-14.38,-9.18,6.20,8.44,-8.44,-3.61,-0.91,-22.82,-17.62,-20.59
19562.33,-13.76,-9.28,7.88,8.67,-8.67,-3.62,-0.76,-22.43,-17.95,-21.65
19757.96,-13.55,-9.38,9.16,8.90,-8.90,-3.62,-0.61,-22.45,-18.28,-22.72
19955.54,-13.33,-9.48,10.44,9.13,-9.13,-3.63,-0.45,-22.46,-18.61,-23.78
