frequency,raw,smoothed,error,error_smoothed,equalization,parametric_eq,fixed_band_eq,equalized_raw,equalized_smoothed,target
20.00,10.35,10.35,2.55,2.55,-2.55,-3.04,-1.56,7.80,7.80,7.80
20.20,10.38,10.38,2.58,2.58,-2.58,-3.04,-1.61,7.80,7.80,7.80
20.40,10.41,10.41,2.61,2.61,-2.61,-3.04,-1.65,7.81,7.80,7.80
20.61,10.44,10.44,2.64,2.64,-2.64,-3.05,-1.70,7.81,7.80,7.80
20.81,10.46,10.47,2.66,2.67,-2.66,-3.05,-1.75,7.80,7.80,7.80
21.02,10.49,10.49,2.69,2.69,-2.69,-3.05,-1.80,7.80,7.80,7.80
21.23,10.52,10.52,2.72,2.72,-2.72,-3.06,-1.85,7.80,7.80,7.80
21.44,10.54,10.55,2.74,2.75,-2.75,-3.06,-1.91,7.80,7.80,7.80
21.66,10.57,10.57,2.77,2.77,-2.78,-3.07,-1.96,7.80,7.80,7.80
21.87,10.60,10.60,2.81,2.80,-2.80,-3.07,-2.02,7.80,7.80,7.80
22.09,10.62,10.63,2.83,2.83,-2.83,-3.07,-2.08,7.79,7.80,7.80
22.31,10.65,10.65,2.86,2.86,-2.86,-3.08,-2.14,7.80,7.80,7.80
22.54,10.68,10.68,2.89,2.88,-2.88,-3.08,-2.20,7.80,7.80,7.79
22.76,10.70,10.71,2.91,2.91,-2.91,-3.09,-2.26,7.79,7.80,7.79
22.99,10.73,10.73,2.94,2.94,-2.94,-3.09,-2.33,7.80,7.79,7.79
23.22,10.75,10.75,2.96,2.96,-2.96,-3.10,-2.39,7.79,7.79,7.79
23.45,10.77,10.77,2.98,2.98,-2.98,-3.10,-2.46,7.79,7.79,7.79
23.69,10.79,10.80,3.00,3.01,-3.01,-3.11,-2.53,7.78,7.79,7.79
23.92,10.82,10.82,3.03,3.03,-3.03,-3.11,-2.60,7.79,7.79,7.79
24.16,10.84,10.84,3.05,3.05,-3.05,-3.12,-2.67,7.79,7.79,7.79
24.40,10.86,10.86,3.08,3.07,-3.07,-3.12,-2.74,7.79,7.79,7.79
24.65,10.87,10.88,3.09,3.09,-3.09,-3.13,-2.82,7.78,7.78,7.79
24.89,10.89,10.89,3.11,3.11,-3.11,-3.13,-2.89,7.78,7.78,7.78
25.14,10.91,10.91,3.13,3.13,-3.13,-3.14,-2.97,7.78,7.78,7.78
25.39,10.93,10.93,3.15,3.15,-3.15,-3.14,-3.04,7.78,7.78,7.78
25.65,10.95,10.95,3.17,3.17,-3.17,-3.15,-3.12,7.78,7.78,7.78
25.91,10.97,10.97,3.19,3.20,-3.19,-3.15,-3.19,7.78,7.78,7.78
26.16,10.99,10.99,3.22,3.22,-3.21,-3.16,-3.27,7.78,7.78,7.78
26.43,11.01,11.01,3.24,3.23,-3.23,-3.17,-3.34,7.78,7.77,7.77
26.69,11.02,11.03,3.25,3.25,-3.25,-3.17,-3.42,7.77,7.77,7.77
26.96,11.04,11.04,3.27,3.27,-3.27,-3.18,-3.49,7.77,7.77,7.77
27.23,11.06,11.06,3.29,3.29,-3.29,-3.18,-3.57,7.77,7.77,7.77
27.50,11.08,11.08,3.31,3.31,-3.31,-3.19,-3.64,7.77,7.77,7.77
27.77,11.09,11.10,3.33,3.33,-3.33,-3.20,-3.70,7.77,7.77,7.77
28.05,11.11,11.11,3.35,3.35,-3.34,-3.20,-3.77,7.77,7.76,7.76
28.33,11.12,11.12,3.36,3.36,-3.36,-3.21,-3.83,7.76,7.76,7.76
28.62,11.13,11.14,3.37,3.38,-3.38,-3.22,-3.89,7.75,7.76,7.76
28.90,11.15,11.15,3.40,3.39,-3.39,-3.22,-3.95,7.76,7.75,7.76
29.19,11.16,11.16,3.41,3.41,-3.41,-3.23,-4.00,7.75,7.75,7.75
29.48,11.17,11.18,3.42,3.42,-3.42,-3.24,-4.05,7.75,7.75,7.75
29.78,11.19,11.19,3.44,3.44,-3.44,-3.24,-4.10,7.75,7.75,7.75
30.08,11.20,11.20,3.45,3.45,-3.45,-3.25,-4.13,7.75,7.75,7.75
30.38,11.21,11.21,3.47,3.47,-3.47,-3.26,-4.17,7.75,7.75,7.74
30.68,11.22,11.22,3.48,3.48,-3.48,-3.27,-4.20,7.74,7.74,7.74
30.99,11.23,11.23,3.49,3.49,-3.49,-3.27,-4.22,7.74,7.74,7.74
31.30,11.24,11.24,3.51,3.50,-3.50,-3.28,-4.24,7.74,7.74,7.74
31.61,11.24,11.25,3.51,3.51,-3.51,-3.29,-4.25,7.73,7.73,7.73
31.93,11.25,11.25,3.52,3.52,-3.53,-3.30,-4.26,7.73,7.73,7.73
32.24,11.26,11.26,3.54,3.54,-3.54,-3.31,-4.26,7.73,7.73,7.73
32.57,11.27,11.27,3.55,3.55,-3.55,-3.31,-4.26,7.72,7.72,7.72
32.89,11.28,11.28,3.56,3.56,-3.56,-3.32,-4.25,7.72,7.72,7.72
33.22,11.28,11.29,3.57,3.57,-3.57,-3.33,-4.24,7.71,7.72,7.72
33.55,11.29,11.29,3.58,3.58,-3.58,-3.34,-4.22,7.71,7.71,7.71
33.89,11.30,11.30,3.60,3.59,-3.59,-3.35,-4.20,7.71,7.71,7.71
34.23,11.30,11.31,3.60,3.60,-3.60,-3.36,-4.18,7.70,7.70,7.70
34.57,11.31,11.31,3.61,3.61,-3.61,-3.37,-4.15,7.70,7.70,7.70
34.92,11.31,11.31,3.62,3.62,-3.62,-3.38,-4.12,7.69,7.69,7.69
35.27,11.31,11.32,3.62,3.63,-3.63,-3.38,-4.09,7.69,7.69,7.69
35.62,11.32,11.32,3.64,3.63,-3.63,-3.39,-4.06,7.69,7.68,7.68
35.97,11.32,11.32,3.64,3.64,-3.64,-3.40,-4.02,7.68,7.68,7.68
36.33,11.32,11.32,3.65,3.65,-3.65,-3.41,-3.99,7.67,7.67,7.67
36.70,11.32,11.32,3.65,3.65,-3.66,-3.42,-3.95,7.67,7.67,7.67
37.06,11.32,11.33,3.66,3.66,-3.66,-3.43,-3.91,7.66,7.66,7.66
37.43,11.33,11.33,3.68,3.67,-3.67,-3.44,-3.87,7.66,7.66,7.66
37.81,11.33,11.33,3.68,3.68,-3.68,-3.45,-3.84,7.65,7.65,7.65
38.19,11.33,11.33,3.69,3.69,-3.69,-3.47,-3.80,7.65,7.65,7.64
38.57,11.33,11.33,3.69,3.69,-3.69,-3.48,-3.76,7.64,7.64,7.64
38.95,11.33,11.33,3.70,3.70,-3.70,-3.49,-3.73,7.63,7.63,7.63
39.34,11.33,11.33,3.71,3.71,-3.71,-3.50,-3.69,7.62,7.62,7.62
39.74,11.33,11.33,3.72,3.72,-3.72,-3.51,-3.66,7.62,7.62,7.62
40.14,11.33,11.33,3.72,3.72,-3.72,-3.52,-3.63,7.61,7.61,7.61
40.54,11.33,11.33,3.73,3.73,-3.73,-3.53,-3.60,7.60,7.60,7.60
40.94,11.33,11.33,3.74,3.74,-3.73,-3.54,-3.58,7.60,7.60,7.59
41.35,11.32,11.33,3.74,3.74,-3.74,-3.56,-3.55,7.58,7.59,7.58
41.76,11.32,11.32,3.75,3.74,-3.74,-3.57,-3.53,7.58,7.58,7.58
42.18,11.31,11.31,3.75,3.75,-3.75,-3.58,-3.51,7.56,7.56,7.57
42.60,11.31,11.31,3.75,3.75,-3.75,-3.59,-3.49,7.56,7.56,7.56
43.03,11.30,11.30,3.75,3.76,-3.76,-3.60,-3.48,7.54,7.55,7.55
43.46,11.30,11.30,3.76,3.76,-3.76,-3.62,-3.47,7.54,7.54,7.54
43.90,11.29,11.30,3.77,3.77,-3.77,-3.63,-3.46,7.53,7.53,7.53
44.33,11.29,11.29,3.78,3.77,-3.77,-3.64,-3.45,7.52,7.52,7.52
44.78,11.28,11.28,3.78,3.78,-3.78,-3.66,-3.44,7.51,7.50,7.51
45.23,11.27,11.27,3.78,3.78,-3.78,-3.67,-3.44,7.49,7.49,7.49
45.68,11.26,11.27,3.78,3.78,-3.78,-3.68,-3.44,7.48,7.48,7.48
46.13,11.26,11.26,3.79,3.79,-3.79,-3.70,-3.45,7.47,7.47,7.47
46.60,11.25,11.25,3.80,3.79,-3.79,-3.71,-3.45,7.46,7.46,7.46
47.06,11.24,11.24,3.80,3.80,-3.80,-3.72,-3.46,7.45,7.44,7.44
47.53,11.22,11.23,3.79,3.80,-3.80,-3.74,-3.47,7.42,7.43,7.43
48.01,11.21,11.22,3.80,3.80,-3.81,-3.75,-3.48,7.41,7.41,7.41
48.49,11.21,11.21,3.81,3.81,-3.81,-3.77,-3.50,7.40,7.40,7.40
48.97,11.20,11.20,3.82,3.82,-3.81,-3.78,-3.52,7.39,7.39,7.38
49.46,11.19,11.19,3.82,3.82,-3.82,-3.80,-3.54,7.37,7.37,7.37
49.96,11.18,11.18,3.83,3.83,-3.83,-3.81,-3.56,7.36,7.35,7.35
50.46,11.16,11.16,3.83,3.83,-3.83,-3.83,-3.58,7.33,7.33,7.34
50.96,11.15,11.15,3.83,3.84,-3.84,-3.84,-3.61,7.31,7.31,7.32
51.47,11.14,11.14,3.84,3.84,-3.85,-3.86,-3.63,7.29,7.30,7.30
51.99,11.14,11.14,3.86,3.86,-3.86,-3.87,-3.66,7.29,7.28,7.28
52.51,11.13,11.13,3.87,3.87,-3.86,-3.89,-3.69,7.27,7.27,7.26
53.03,11.12,11.12,3.88,3.88,-3.87,-3.90,-3.72,7.25,7.25,7.24
53.56,11.10,11.10,3.88,3.88,-3.88,-3.92,-3.75,7.22,7.22,7.22
54.10,11.08,11.08,3.88,3.88,-3.88,-3.93,-3.78,7.20,7.20,7.20
54.64,11.06,11.07,3.88,3.89,-3.89,-3.95,-3.81,7.17,7.18,7.18
55.18,11.05,11.05,3.90,3.89,-3.89,-3.97,-3.84,7.16,7.15,7.16
55.74,11.03,11.03,3.90,3.90,-3.90,-3.98,-3.87,7.13,7.13,7.13
56.29,11.01,11.01,3.90,3.90,-3.90,-4.00,-3.90,7.11,7.11,7.11
56.86,10.99,10.99,3.91,3.91,-3.91,-4.02,-3.93,7.08,7.08,7.08
57.42,10.97,10.98,3.91,3.92,-3.92,-4.03,-3.96,7.05,7.06,7.06
58.00,10.96,10.96,3.93,3.93,-3.93,-4.05,-3.99,7.03,7.03,7.03
58.58,10.94,10.94,3.94,3.94,-3.94,-4.07,-4.01,7.01,7.01,7.00
59.16,10.92,10.92,3.95,3.95,-3.95,-4.08,-4.04,6.98,6.98,6.98
59.76,10.90,10.90,3.96,3.96,-3.96,-4.10,-4.06,6.95,6.95,6.95
60.35,10.88,10.88,3.96,3.96,-3.97,-4.12,-4.08,6.92,6.92,6.92
60.96,10.86,10.86,3.98,3.98,-3.98,-4.14,-4.09,6.89,6.89,6.89
61.57,10.84,10.84,3.99,3.99,-3.99,-4.15,-4.11,6.86,6.86,6.86
62.18,10.82,10.82,4.00,4.00,-4.00,-4.17,-4.12,6.83,6.82,6.82
62.80,10.79,10.80,4.00,4.01,-4.01,-4.19,-4.13,6.78,6.79,6.79
63.43,10.77,10.77,4.02,4.02,-4.02,-4.21,-4.14,6.75,6.75,6.76
64.07,10.75,10.75,4.03,4.03,-4.03,-4.22,-4.14,6.72,6.72,6.72
64.71,10.73,10.73,4.05,4.05,-4.04,-4.24,-4.15,6.69,6.69,6.68
65.35,10.70,10.71,4.06,4.06,-4.06,-4.26,-4.15,6.64,6.65,6.65
66.01,10.68,10.68,4.07,4.07,-4.07,-4.28,-4.15,6.61,6.61,6.61
66.67,10.65,10.66,4.08,4.09,-4.09,-4.30,-4.14,6.57,6.57,6.57
67.33,10.63,10.63,4.10,4.10,-4.10,-4.31,-4.14,6.53,6.53,6.53
68.01,10.61,10.61,4.12,4.12,-4.12,-4.33,-4.13,6.49,6.49,6.49
68.69,10.58,10.58,4.14,4.14,-4.13,-4.35,-4.12,6.45,6.45,6.45
69.37,10.55,10.56,4.15,4.15,-4.15,-4.37,-4.12,6.40,6.40,6.40
70.07,10.53,10.53,4.17,4.17,-4.17,-4.39,-4.11,6.36,6.36,6.36
70.77,10.50,10.50,4.19,4.19,-4.19,-4.41,-4.10,6.31,6.31,6.31
71.48,10.47,10.48,4.20,4.21,-4.21,-4.42,-4.09,6.26,6.27,6.27
72.19,10.45,10.45,4.23,4.23,-4.23,-4.44,-4.08,6.23,6.22,6.22
72.91,10.42,10.42,4.25,4.25,-4.25,-4.46,-4.07,6.18,6.17,6.17
73.64,10.39,10.39,4.27,4.27,-4.27,-4.48,-4.06,6.12,6.13,6.12
74.38,10.36,10.36,4.29,4.29,-4.29,-4.50,-4.05,6.07,6.07,6.07
75.12,10.33,10.33,4.31,4.31,-4.31,-4.52,-4.05,6.02,6.02,6.02
75.87,10.30,10.30,4.33,4.33,-4.33,-4.54,-4.04,5.97,5.97,5.97
76.63,10.27,10.27,4.36,4.36,-4.36,-4.56,-4.04,5.92,5.92,5.92
77.40,10.24,10.24,4.38,4.38,-4.38,-4.57,-4.04,5.86,5.86,5.86
78.17,10.21,10.21,4.41,4.41,-4.40,-4.59,-4.04,5.81,5.81,5.81
78.95,10.18,10.18,4.43,4.43,-4.43,-4.61,-4.04,5.75,5.75,5.75
79.74,10.15,10.15,4.46,4.46,-4.46,-4.63,-4.05,5.70,5.69,5.69
80.54,10.11,10.12,4.48,4.48,-4.48,-4.65,-4.05,5.63,5.63,5.64
81.35,10.08,10.08,4.51,4.51,-4.51,-4.67,-4.06,5.57,5.58,5.58
82.16,10.05,10.05,4.54,4.53,-4.54,-4.69,-4.08,5.52,5.52,5.52
82.98,10.02,10.02,4.57,4.56,-4.56,-4.71,-4.09,5.46,5.46,5.45
83.81,9.98,9.99,4.59,4.59,-4.59,-4.73,-4.11,5.39,5.39,5.39
84.65,9.95,9.95,4.62,4.62,-4.62,-4.75,-4.13,5.33,5.33,5.33
85.50,9.91,9.91,4.65,4.65,-4.65,-4.77,-4.16,5.26,5.27,5.27
86.35,9.88,9.88,4.68,4.68,-4.68,-4.79,-4.19,5.20,5.20,5.20
87.22,9.84,9.85,4.71,4.71,-4.71,-4.81,-4.22,5.13,5.14,5.14
88.09,9.81,9.81,4.74,4.74,-4.74,-4.82,-4.25,5.07,5.07,5.07
88.97,9.77,9.77,4.77,4.77,-4.77,-4.84,-4.29,5.00,5.00,5.00
89.86,9.73,9.74,4.80,4.80,-4.80,-4.86,-4.33,4.93,4.94,4.94
90.76,9.70,9.70,4.83,4.83,-4.83,-4.88,-4.38,4.87,4.87,4.87
91.66,9.66,9.66,4.86,4.86,-4.86,-4.90,-4.42,4.80,4.80,4.80
92.58,9.62,9.62,4.89,4.89,-4.89,-4.92,-4.48,4.73,4.73,4.73
93.51,9.58,9.58,4.92,4.92,-4.92,-4.94,-4.53,4.66,4.66,4.66
94.44,9.54,9.55,4.95,4.96,-4.95,-4.96,-4.59,4.59,4.59,4.59
95.39,9.51,9.51,4.99,4.99,-4.99,-4.98,-4.64,4.53,4.52,4.52
96.34,9.47,9.47,5.02,5.02,-5.02,-5.00,-4.71,4.46,4.45,4.45
97.30,9.42,9.43,5.04,5.05,-5.05,-5.02,-4.77,4.37,4.38,4.38
98.28,9.38,9.38,5.08,5.08,-5.08,-5.04,-4.84,4.30,4.30,4.31
99.26,9.34,9.34,5.11,5.11,-5.11,-5.06,-4.91,4.23,4.23,4.23
100.25,9.30,9.30,5.14,5.14,-5.14,-5.09,-4.98,4.16,4.16,4.16
101.25,9.26,9.26,5.17,5.17,-5.17,-5.11,-5.05,4.09,4.09,4.09
102.27,9.22,9.22,5.21,5.21,-5.21,-5.13,-5.13,4.02,4.02,4.02
103.29,9.18,9.18,5.24,5.24,-5.24,-5.15,-5.20,3.94,3.94,3.94
104.32,9.14,9.14,5.27,5.27,-5.27,-5.17,-5.28,3.87,3.87,3.87
105.37,9.09,9.10,5.30,5.30,-5.30,-5.19,-5.36,3.79,3.80,3.80
106.42,9.05,9.05,5.33,5.33,-5.33,-5.21,-5.44,3.72,3.72,3.72
107.48,9.01,9.01,5.36,5.36,-5.36,-5.23,-5.51,3.65,3.65,3.65
108.56,8.96,8.97,5.38,5.39,-5.39,-5.25,-5.59,3.57,3.58,3.58
109.64,8.92,8.92,5.42,5.42,-5.42,-5.27,-5.66,3.51,3.50,3.50
110.74,8.87,8.87,5.44,5.44,-5.44,-5.29,-5.74,3.43,3.43,3.43
111.85,8.83,8.83,5.47,5.47,-5.47,-5.32,-5.81,3.36,3.36,3.36
112.97,8.78,8.79,5.49,5.50,-5.50,-5.34,-5.87,3.29,3.29,3.29
114.10,8.74,8.74,5.53,5.52,-5.52,-5.36,-5.94,3.22,3.22,3.22
115.24,8.69,8.69,5.55,5.55,-5.55,-5.38,-5.99,3.15,3.15,3.14
116.39,8.64,8.65,5.57,5.57,-5.57,-5.40,-6.05,3.07,3.07,3.07
117.55,8.60,8.60,5.60,5.60,-5.60,-5.42,-6.10,3.01,3.00,3.00
118.73,8.55,8.55,5.62,5.62,-5.62,-5.44,-6.14,2.93,2.93,2.93
119.92,8.50,8.50,5.64,5.64,-5.64,-5.46,-6.18,2.86,2.86,2.86
121.12,8.45,8.46,5.66,5.66,-5.66,-5.48,-6.21,2.79,2.79,2.80
122.33,8.41,8.41,5.69,5.68,-5.68,-5.50,-6.24,2.73,2.73,2.73
123.55,8.36,8.36,5.70,5.70,-5.70,-5.52,-6.26,2.66,2.66,2.66
124.79,8.31,8.31,5.72,5.72,-5.72,-5.54,-6.26,2.59,2.59,2.59
126.03,8.26,8.26,5.74,5.74,-5.74,-5.56,-6.27,2.53,2.53,2.53
127.29,8.21,8.21,5.75,5.75,-5.75,-5.58,-6.26,2.46,2.46,2.46
128.57,8.16,8.16,5.77,5.77,-5.77,-5.60,-6.25,2.40,2.40,2.40
129.85,8.11,8.11,5.78,5.78,-5.78,-5.62,-6.23,2.33,2.33,2.33
131.15,8.06,8.06,5.79,5.79,-5.79,-5.63,-6.21,2.27,2.27,2.27
132.46,8.01,8.01,5.80,5.80,-5.81,-5.65,-6.18,2.21,2.21,2.21
133.79,7.96,7.96,5.82,5.82,-5.82,-5.67,-6.14,2.15,2.15,2.15
135.12,7.91,7.91,5.83,5.83,-5.83,-5.68,-6.10,2.09,2.09,2.09
136.48,7.86,7.86,5.84,5.84,-5.83,-5.70,-6.05,2.03,2.03,2.03
137.84,7.81,7.81,5.84,5.84,-5.84,-5.71,-6.00,1.97,1.97,1.97
139.22,7.75,7.76,5.84,5.85,-5.85,-5.73,-5.95,1.91,1.91,1.91
140.61,7.70,7.70,5.85,5.85,-5.85,-5.74,-5.89,1.85,1.85,1.85
142.02,7.65,7.65,5.85,5.85,-5.85,-5.75,-5.83,1.80,1.80,1.80
143.44,7.60,7.60,5.86,5.86,-5.86,-5.76,-5.77,1.75,1.74,1.74
144.87,7.54,7.55,5.85,5.86,-5.86,-5.77,-5.70,1.69,1.69,1.69
146.32,7.49,7.49,5.86,5.86,-5.85,-5.78,-5.64,1.64,1.64,1.64
147.78,7.44,7.44,5.86,5.85,-5.85,-5.79,-5.57,1.59,1.59,1.59
149.26,7.38,7.39,5.85,5.85,-5.85,-5.80,-5.51,1.53,1.54,1.54
150.75,7.33,7.33,5.85,5.84,-5.84,-5.81,-5.44,1.49,1.49,1.49
152.26,7.27,7.27,5.84,5.84,-5.84,-5.81,-5.38,1.44,1.44,1.44
153.78,7.22,7.22,5.83,5.83,-5.83,-5.82,-5.32,1.39,1.39,1.39
155.32,7.16,7.16,5.82,5.82,-5.82,-5.82,-5.26,1.34,1.34,1.34
156.88,7.11,7.11,5.81,5.81,-5.81,-5.82,-5.20,1.30,1.29,1.30
158.44,7.05,7.06,5.80,5.80,-5.81,-5.82,-5.14,1.25,1.25,1.25
160.03,7.00,7.00,5.79,5.80,-5.80,-5.82,-5.09,1.21,1.21,1.21
161.63,6.95,6.95,5.79,5.79,-5.79,-5.82,-5.04,1.17,1.16,1.16
163.24,6.89,6.90,5.78,5.78,-5.77,-5.81,-4.99,1.12,1.12,1.12
164.88,6.84,6.84,5.77,5.77,-5.76,-5.81,-4.95,1.08,1.08,1.08
166.53,6.78,6.78,5.75,5.75,-5.75,-5.80,-4.90,1.03,1.04,1.04
168.19,6.73,6.73,5.73,5.73,-5.73,-5.79,-4.87,1.00,1.00,1.00
169.87,6.67,6.67,5.71,5.71,-5.71,-5.78,-4.83,0.96,0.96,0.96
171.57,6.62,6.62,5.70,5.70,-5.70,-5.77,-4.80,0.93,0.92,0.92
173.29,6.56,6.56,5.67,5.68,-5.68,-5.76,-4.77,0.89,0.89,0.89
175.02,6.51,6.51,5.66,5.66,-5.66,-5.74,-4.75,0.86,0.85,0.85
176.77,6.45,6.45,5.63,5.63,-5.63,-5.73,-4.73,0.82,0.82,0.82
178.54,6.40,6.40,5.61,5.61,-5.61,-5.71,-4.71,0.79,0.79,0.79
180.32,6.34,6.34,5.59,5.59,-5.59,-5.69,-4.70,0.75,0.76,0.76
182.13,6.29,6.29,5.57,5.56,-5.56,-5.67,-4.69,0.73,0.73,0.73
183.95,6.23,6.24,5.54,5.54,-5.54,-5.65,-4.68,0.69,0.70,0.70
185.79,6.18,6.18,5.52,5.51,-5.51,-5.62,-4.68,0.67,0.67,0.67
187.65,6.12,6.12,5.48,5.48,-5.48,-5.60,-4.68,0.64,0.64,0.64
189.52,6.06,6.07,5.45,5.46,-5.46,-5.57,-4.68,0.60,0.61,0.61
191.42,6.01,6.01,5.43,5.43,-5.43,-5.55,-4.69,0.58,0.58,0.58
193.33,5.96,5.96,5.40,5.40,-5.40,-5.52,-4.70,0.56,0.56,0.56
195.27,5.90,5.91,5.37,5.37,-5.37,-5.49,-4.71,0.53,0.53,0.53
197.22,5.85,5.85,5.34,5.35,-5.35,-5.45,-4.73,0.51,0.51,0.51
199.19,5.80,5.80,5.32,5.32,-5.32,-5.42,-4.75,0.49,0.48,0.49
201.18,5.75,5.75,5.29,5.29,-5.29,-5.38,-4.77,0.47,0.46,0.46
203.19,5.69,5.70,5.25,5.26,-5.25,-5.35,-4.79,0.44,0.44,0.44
205.23,5.64,5.64,5.22,5.22,-5.22,-5.31,-4.81,0.42,0.42,0.42
207.28,5.58,5.58,5.18,5.18,-5.18,-5.27,-4.84,0.40,0.40,0.40
209.35,5.52,5.52,5.14,5.15,-5.14,-5.23,-4.87,0.38,0.38,0.38
211.44,5.46,5.46,5.10,5.10,-5.11,-5.19,-4.89,0.36,0.36,0.36
213.56,5.40,5.40,5.06,5.06,-5.06,-5.15,-4.92,0.34,0.34,0.34
215.69,5.34,5.34,5.02,5.02,-5.02,-5.11,-4.95,0.32,0.32,0.32
217.85,5.28,5.28,4.98,4.98,-4.98,-5.06,-4.97,0.30,0.30,0.30
220.03,5.22,5.22,4.94,4.94,-4.93,-5.02,-5.00,0.29,0.29,0.29
222.23,5.16,5.16,4.89,4.89,-4.89,-4.97,-5.02,0.27,0.27,0.27
224.45,5.10,5.10,4.85,4.85,-4.85,-4.93,-5.04,0.25,0.25,0.25
226.70,5.04,5.04,4.80,4.81,-4.81,-4.88,-5.06,0.23,0.24,0.24
228.96,4.99,4.99,4.77,4.76,-4.77,-4.83,-5.08,0.22,0.22,0.22
231.25,4.93,4.93,4.72,4.72,-4.73,-4.78,-5.09,0.20,0.20,0.21
233.57,4.88,4.88,4.69,4.69,-4.70,-4.73,-5.10,0.18,0.19,0.19
235.90,4.83,4.84,4.66,4.66,-4.66,-4.68,-5.11,0.17,0.18,0.17
238.26,4.80,4.80,4.64,4.64,-4.63,-4.63,-5.11,0.17,0.17,0.16
240.64,4.75,4.75,4.61,4.60,-4.59,-4.58,-5.10,0.16,0.16,0.15
243.05,4.69,4.69,4.56,4.56,-4.56,-4.53,-5.09,0.14,0.14,0.13
245.48,4.63,4.64,4.51,4.51,-4.52,-4.48,-5.08,0.12,0.12,0.12
247.93,4.58,4.58,4.47,4.47,-4.47,-4.42,-5.06,0.11,0.11,0.11
250.41,4.53,4.53,4.43,4.43,-4.43,-4.37,-5.03,0.10,0.10,0.10
252.92,4.47,4.47,4.38,4.38,-4.38,-4.32,-5.00,0.09,0.09,0.09
255.45,4.41,4.42,4.33,4.34,-4.34,-4.26,-4.95,0.08,0.08,0.08
258.00,4.36,4.36,4.29,4.29,-4.29,-4.21,-4.91,0.07,0.07,0.07
260.58,4.30,4.30,4.24,4.24,-4.24,-4.15,-4.86,0.06,0.06,0.06
263.19,4.24,4.24,4.19,4.19,-4.19,-4.10,-4.80,0.05,0.05,0.05
265.82,4.18,4.19,4.14,4.14,-4.15,-4.05,-4.74,0.04,0.04,0.04
268.48,4.13,4.13,4.10,4.10,-4.10,-3.99,-4.67,0.04,0.03,0.03
271.16,4.07,4.07,4.05,4.05,-4.05,-3.94,-4.60,0.02,0.02,0.02
273.87,4.01,4.01,4.00,4.00,-4.00,-3.88,-4.53,0.02,0.02,0.02
276.61,3.95,3.96,3.94,3.95,-3.95,-3.83,-4.45,0.01,0.01,0.01
279.38,3.90,3.90,3.90,3.90,-3.89,-3.77,-4.37,0.01,0.01,0.00
282.17,3.84,3.84,3.85,3.84,-3.84,-3.72,-4.28,0.00,0.00,-0.01
284.99,3.78,3.78,3.78,3.79,-3.79,-3.66,-4.19,-0.00,-0.00,-0.00
287.84,3.72,3.72,3.72,3.73,-3.73,-3.61,-4.10,-0.01,-0.01,0.00
290.72,3.67,3.67,3.68,3.67,-3.68,-3.55,-4.01,-0.00,-0.01,-0.01
293.63,3.61,3.62,3.62,3.62,-3.62,-3.50,-3.92,-0.01,-0.01,-0.01
296.57,3.56,3.56,3.57,3.57,-3.56,-3.44,-3.82,-0.00,-0.01,-0.01
299.53,3.50,3.50,3.51,3.51,-3.51,-3.39,-3.73,-0.01,-0.01,-0.00
302.53,3.44,3.45,3.45,3.45,-3.45,-3.33,-3.63,-0.01,-0.01,-0.01
305.55,3.39,3.39,3.40,3.39,-3.40,-3.28,-3.54,-0.00,-0.01,-0.00
308.61,3.33,3.33,3.34,3.34,-3.34,-3.22,-3.44,-0.01,-0.01,-0.01
311.69,3.27,3.28,3.28,3.28,-3.28,-3.17,-3.35,-0.01,-0.01,-0.00
314.81,3.22,3.22,3.23,3.23,-3.23,-3.12,-3.25,-0.01,-0.01,-0.01
317.96,3.17,3.17,3.18,3.17,-3.17,-3.06,-3.16,-0.00,-0.01,-0.00
321.14,3.11,3.12,3.12,3.12,-3.12,-3.01,-3.07,-0.01,-0.00,-0.01
324.35,3.06,3.06,3.06,3.06,-3.06,-2.95,-2.98,-0.00,-0.00,-0.00
327.59,3.01,3.01,3.01,3.01,-3.01,-2.90,-2.89,0.00,-0.00,0.00
330.87,2.95,2.96,2.95,2.95,-2.95,-2.85,-2.80,-0.00,0.00,-0.00
334.18,2.90,2.90,2.90,2.90,-2.90,-2.80,-2.71,0.00,0.00,0.01
337.52,2.85,2.85,2.85,2.84,-2.84,-2.74,-2.63,0.01,0.01,0.00
340.90,2.79,2.80,2.78,2.79,-2.78,-2.69,-2.54,0.01,0.01,0.01
344.30,2.74,2.74,2.73,2.73,-2.73,-2.64,-2.46,0.02,0.02,0.02
347.75,2.69,2.69,2.67,2.67,-2.67,-2.59,-2.38,0.02,0.02,0.02
351.23,2.63,2.64,2.61,2.61,-2.61,-2.54,-2.30,0.02,0.03,0.02
354.74,2.58,2.58,2.55,2.55,-2.55,-2.49,-2.23,0.03,0.03,0.04
358.28,2.53,2.53,2.50,2.49,-2.49,-2.43,-2.15,0.04,0.03,0.03
361.87,2.47,2.48,2.43,2.44,-2.44,-2.38,-2.08,0.04,0.04,0.04
365.49,2.42,2.42,2.37,2.38,-2.38,-2.33,-2.01,0.05,0.05,0.05
369.14,2.37,2.37,2.33,2.32,-2.32,-2.28,-1.94,0.05,0.05,0.04
372.83,2.32,2.32,2.26,2.26,-2.26,-2.23,-1.87,0.06,0.06,0.06
376.56,2.26,2.26,2.20,2.20,-2.21,-2.18,-1.80,0.06,0.06,0.06
380.33,2.21,2.21,2.14,2.15,-2.15,-2.13,-1.73,0.06,0.06,0.07
384.13,2.16,2.16,2.10,2.10,-2.10,-2.08,-1.67,0.07,0.07,0.07
387.97,2.12,2.12,2.05,2.04,-2.04,-2.03,-1.61,0.08,0.08,0.07
391.85,2.07,2.07,1.98,1.99,-1.98,-1.99,-1.55,0.09,0.09,0.09
395.77,2.02,2.02,1.93,1.93,-1.93,-1.94,-1.49,0.09,0.09,0.09
399.73,1.97,1.97,1.88,1.87,-1.88,-1.89,-1.43,0.09,0.09,0.10
403.72,1.92,1.92,1.82,1.82,-1.82,-1.84,-1.37,0.10,0.10,0.10
407.76,1.87,1.88,1.77,1.77,-1.77,-1.79,-1.32,0.10,0.11,0.10
411.84,1.83,1.83,1.72,1.72,-1.72,-1.74,-1.26,0.12,0.11,0.11
415.96,1.78,1.78,1.66,1.67,-1.66,-1.70,-1.21,0.12,0.12,0.12
420.12,1.73,1.73,1.61,1.61,-1.61,-1.65,-1.16,0.12,0.12,0.12
424.32,1.68,1.68,1.56,1.55,-1.56,-1.60,-1.11,0.12,0.13,0.13
428.56,1.63,1.64,1.50,1.50,-1.50,-1.55,-1.06,0.13,0.13,0.13
432.85,1.59,1.59,1.45,1.45,-1.45,-1.50,-1.01,0.14,0.14,0.14
437.18,1.54,1.54,1.40,1.40,-1.39,-1.46,-0.97,0.15,0.15,0.14
441.55,1.49,1.49,1.34,1.34,-1.34,-1.41,-0.92,0.15,0.16,0.15
445.96,1.44,1.44,1.28,1.28,-1.28,-1.36,-0.88,0.16,0.16,0.16
450.42,1.40,1.40,1.22,1.22,-1.23,-1.31,-0.83,0.17,0.17,0.18
454.93,1.35,1.35,1.17,1.17,-1.17,-1.26,-0.79,0.18,0.18,0.19
459.48,1.31,1.31,1.12,1.12,-1.12,-1.22,-0.75,0.19,0.19,0.20
464.07,1.26,1.26,1.07,1.07,-1.07,-1.17,-0.71,0.20,0.20,0.19
468.71,1.22,1.22,1.02,1.02,-1.01,-1.12,-0.67,0.21,0.21,0.20
473.40,1.17,1.18,0.96,0.96,-0.96,-1.07,-0.64,0.21,0.21,0.21
478.13,1.13,1.13,0.91,0.91,-0.91,-1.02,-0.60,0.22,0.22,0.22
482.91,1.09,1.09,0.86,0.86,-0.86,-0.98,-0.57,0.23,0.23,0.23
487.74,1.04,1.05,0.80,0.81,-0.81,-0.93,-0.53,0.24,0.24,0.24
492.62,1.00,1.00,0.75,0.75,-0.75,-0.88,-0.50,0.25,0.25,0.25
497.55,0.96,0.96,0.70,0.70,-0.70,-0.83,-0.47,0.26,0.26,0.26
502.52,0.91,0.92,0.65,0.65,-0.64,-0.78,-0.43,0.27,0.27,0.27
507.55,0.87,0.87,0.59,0.59,-0.59,-0.73,-0.40,0.28,0.28,0.29
512.62,0.83,0.83,0.54,0.54,-0.54,-0.68,-0.37,0.29,0.29,0.30
517.75,0.79,0.79,0.49,0.49,-0.49,-0.63,-0.35,0.30,0.30,0.30
522.93,0.75,0.75,0.44,0.44,-0.44,-0.58,-0.32,0.31,0.31,0.31
528.16,0.71,0.71,0.39,0.39,-0.39,-0.53,-0.29,0.32,0.32,0.32
533.44,0.67,0.67,0.34,0.34,-0.34,-0.48,-0.26,0.33,0.33,0.33
538.77,0.63,0.63,0.30,0.30,-0.29,-0.43,-0.24,0.34,0.34,0.33
544.16,0.59,0.59,0.24,0.24,-0.24,-0.38,-0.21,0.35,0.35,0.35
549.60,0.55,0.55,0.19,0.19,-0.19,-0.32,-0.19,0.36,0.36,0.36
555.10,0.51,0.51,0.13,0.13,-0.14,-0.27,-0.16,0.37,0.37,0.38
560.65,0.47,0.47,0.08,0.08,-0.09,-0.22,-0.14,0.38,0.38,0.39
566.25,0.43,0.44,0.03,0.04,-0.04,-0.16,-0.12,0.39,0.39,0.40
571.92,0.40,0.40,-0.01,-0.01,0.00,-0.11,-0.10,0.41,0.40,0.41
577.64,0.36,0.36,-0.05,-0.05,0.05,-0.05,-0.07,0.41,0.41,0.41
583.41,0.32,0.33,-0.09,-0.09,0.09,0.00,-0.05,0.42,0.42,0.42
589.25,0.29,0.29,-0.13,-0.13,0.14,0.06,-0.03,0.43,0.43,0.43
595.14,0.26,0.26,-0.17,-0.18,0.18,0.11,-0.01,0.44,0.44,0.44
601.09,0.22,0.23,-0.22,-0.22,0.23,0.17,0.01,0.45,0.45,0.45
607.10,0.19,0.19,-0.27,-0.27,0.27,0.22,0.04,0.47,0.46,0.47
613.17,0.15,0.15,-0.32,-0.32,0.32,0.28,0.06,0.47,0.48,0.47
619.30,0.12,0.12,-0.37,-0.37,0.37,0.34,0.08,0.49,0.49,0.49
625.50,0.09,0.09,-0.42,-0.42,0.42,0.39,0.10,0.51,0.51,0.51
631.75,0.06,0.06,-0.46,-0.47,0.46,0.45,0.12,0.52,0.52,0.52
638.07,0.03,0.03,-0.51,-0.51,0.51,0.51,0.14,0.54,0.54,0.54
644.45,0.00,0.00,-0.55,-0.55,0.55,0.56,0.17,0.55,0.55,0.55
650.89,-0.03,-0.03,-0.59,-0.60,0.59,0.62,0.19,0.57,0.57,0.56
657.40,-0.06,-0.06,-0.64,-0.64,0.64,0.67,0.21,0.58,0.58,0.58
663.98,-0.09,-0.08,-0.68,-0.68,0.68,0.73,0.23,0.59,0.59,0.59
670.62,-0.11,-0.11,-0.71,-0.72,0.72,0.78,0.26,0.61,0.61,0.60
677.32,-0.14,-0.14,-0.76,-0.76,0.76,0.84,0.28,0.62,0.62,0.62
684.10,-0.17,-0.16,-0.81,-0.80,0.80,0.89,0.30,0.63,0.64,0.64
690.94,-0.19,-0.19,-0.85,-0.85,0.84,0.94,0.33,0.65,0.65,0.66
697.85,-0.21,-0.21,-0.88,-0.88,0.88,0.99,0.35,0.67,0.67,0.67
704.83,-0.23,-0.23,-0.92,-0.92,0.92,1.04,0.37,0.69,0.69,0.69
711.87,-0.25,-0.25,-0.96,-0.96,0.96,1.09,0.40,0.71,0.71,0.71
718.99,-0.28,-0.27,-1.00,-1.00,1.00,1.13,0.42,0.72,0.72,0.72
726.18,-0.30,-0.29,-1.04,-1.03,1.03,1.17,0.45,0.73,0.74,0.74
733.44,-0.31,-0.31,-1.07,-1.07,1.07,1.21,0.47,0.76,0.75,0.76
740.78,-0.33,-0.33,-1.10,-1.10,1.10,1.25,0.50,0.77,0.77,0.77
748.19,-0.35,-0.34,-1.14,-1.13,1.13,1.29,0.53,0.79,0.79,0.79
755.67,-0.36,-0.36,-1.17,-1.17,1.17,1.32,0.55,0.81,0.80,0.81
763.23,-0.38,-0.38,-1.20,-1.20,1.20,1.35,0.58,0.82,0.82,0.82
770.86,-0.39,-0.39,-1.23,-1.22,1.23,1.37,0.61,0.84,0.84,0.84
778.57,-0.40,-0.40,-1.26,-1.25,1.25,1.40,0.64,0.86,0.85,0.86
786.35,-0.41,-0.41,-1.28,-1.28,1.28,1.42,0.66,0.87,0.87,0.87
794.22,-0.42,-0.42,-1.32,-1.31,1.31,1.43,0.69,0.89,0.89,0.90
802.16,-0.42,-0.42,-1.33,-1.33,1.33,1.45,0.72,0.91,0.91,0.91
810.18,-0.43,-0.43,-1.36,-1.35,1.35,1.46,0.75,0.92,0.93,0.93
818.28,-0.43,-0.43,-1.37,-1.37,1.37,1.46,0.78,0.94,0.94,0.95
826.46,-0.43,-0.43,-1.38,-1.39,1.39,1.47,0.81,0.96,0.96,0.96
834.73,-0.43,-0.43,-1.41,-1.41,1.41,1.47,0.83,0.98,0.98,0.99
843.08,-0.43,-0.43,-1.42,-1.42,1.43,1.47,0.86,1.00,1.00,1.00
851.51,-0.42,-0.42,-1.43,-1.44,1.44,1.47,0.89,1.02,1.02,1.02
860.02,-0.42,-0.42,-1.45,-1.46,1.45,1.46,0.92,1.04,1.04,1.04
868.62,-0.41,-0.41,-1.47,-1.47,1.47,1.45,0.95,1.06,1.06,1.07
877.31,-0.40,-0.40,-1.48,-1.48,1.48,1.44,0.97,1.08,1.08,1.09
886.08,-0.38,-0.38,-1.48,-1.49,1.49,1.43,1.00,1.11,1.11,1.11
894.94,-0.37,-0.37,-1.49,-1.49,1.50,1.42,1.03,1.13,1.13,1.13
903.89,-0.35,-0.35,-1.49,-1.50,1.50,1.40,1.05,1.15,1.15,1.15
912.93,-0.33,-0.33,-1.50,-1.50,1.50,1.38,1.08,1.18,1.18,1.18
922.06,-0.30,-0.30,-1.50,-1.51,1.50,1.37,1.10,1.21,1.20,1.21
931.28,-0.28,-0.27,-1.51,-1.51,1.50,1.35,1.12,1.22,1.23,1.24
940.59,-0.25,-0.24,-1.50,-1.50,1.50,1.33,1.14,1.25,1.25,1.26
950.00,-0.21,-0.21,-1.48,-1.49,1.49,1.31,1.16,1.29,1.28,1.28
959.50,-0.18,-0.18,-1.48,-1.48,1.49,1.29,1.18,1.31,1.31,1.31
969.09,-0.14,-0.14,-1.47,-1.47,1.48,1.27,1.20,1.34,1.34,1.34
978.78,-0.10,-0.10,-1.46,-1.46,1.46,1.25,1.21,1.36,1.36,1.37
988.57,-0.06,-0.05,-1.45,-1.45,1.45,1.23,1.23,1.39,1.39,1.40
998.46,-0.01,-0.01,-1.42,-1.43,1.43,1.22,1.24,1.42,1.42,1.41
1008.44,0.04,0.04,-1.41,-1.41,1.41,1.20,1.26,1.45,1.45,1.45
1018.53,0.09,0.10,-1.39,-1.39,1.39,1.18,1.27,1.48,1.48,1.48
1028.71,0.15,0.15,-1.37,-1.37,1.36,1.16,1.28,1.52,1.52,1.52
1039.00,0.21,0.21,-1.33,-1.34,1.34,1.14,1.28,1.55,1.55,1.54
1049.39,0.27,0.27,-1.30,-1.31,1.31,1.13,1.29,1.58,1.58,1.57
1059.88,0.33,0.33,-1.28,-1.28,1.28,1.11,1.30,1.62,1.61,1.61
1070.48,0.39,0.40,-1.26,-1.25,1.25,1.10,1.30,1.65,1.65,1.65
1081.19,0.46,0.46,-1.22,-1.23,1.22,1.08,1.30,1.69,1.69,1.68
1092.00,0.53,0.53,-1.19,-1.20,1.19,1.07,1.31,1.73,1.72,1.72
1102.92,0.60,0.60,-1.17,-1.16,1.17,1.06,1.31,1.77,1.77,1.77
1113.95,0.67,0.68,-1.13,-1.13,1.14,1.05,1.31,1.81,1.81,1.80
1125.09,0.75,0.75,-1.10,-1.10,1.11,1.04,1.31,1.86,1.86,1.85
1136.34,0.82,0.82,-1.07,-1.08,1.08,1.03,1.31,1.90,1.90,1.89
1147.70,0.89,0.90,-1.06,-1.06,1.05,1.02,1.31,1.94,1.95,1.95
1159.18,0.97,0.97,-1.03,-1.03,1.03,1.01,1.31,2.00,2.00,2.00
1170.77,1.04,1.04,-1.00,-1.00,1.00,1.00,1.31,2.04,2.05,2.04
1182.48,1.12,1.12,-0.97,-0.97,0.98,1.00,1.31,2.10,2.10,2.09
1194.30,1.19,1.20,-0.95,-0.95,0.96,0.99,1.31,2.15,2.15,2.14
1206.25,1.27,1.27,-0.94,-0.94,0.93,0.99,1.31,2.21,2.20,2.21
1218.31,1.34,1.34,-0.92,-0.92,0.91,0.99,1.31,2.26,2.26,2.26
1230.49,1.41,1.42,-0.90,-0.90,0.90,0.98,1.31,2.31,2.31,2.31
1242.80,1.49,1.49,-0.87,-0.88,0.88,0.98,1.31,2.37,2.37,2.36
1255.22,1.56,1.56,-0.86,-0.86,0.87,0.98,1.31,2.43,2.43,2.42
1267.78,1.63,1.63,-0.86,-0.86,0.86,0.99,1.32,2.49,2.49,2.49
1280.45,1.70,1.70,-0.85,-0.85,0.85,0.99,1.32,2.55,2.56,2.55
1293.26,1.77,1.77,-0.85,-0.85,0.85,0.99,1.32,2.62,2.62,2.62
1306.19,1.84,1.84,-0.84,-0.85,0.84,0.99,1.33,2.69,2.68,2.68
1319.25,1.90,1.91,-0.85,-0.84,0.84,1.00,1.34,2.74,2.75,2.75
1332.45,1.97,1.97,-0.84,-0.84,0.84,1.01,1.34,2.82,2.82,2.81
1345.77,2.04,2.04,-0.84,-0.84,0.85,1.01,1.35,2.89,2.89,2.88
1359.23,2.10,2.11,-0.85,-0.85,0.85,1.02,1.36,2.95,2.96,2.95
1372.82,2.17,2.17,-0.85,-0.85,0.86,1.03,1.37,3.03,3.03,3.02
1386.55,2.23,2.23,-0.86,-0.86,0.86,1.04,1.38,3.09,3.09,3.09
1400.41,2.29,2.29,-0.87,-0.87,0.87,1.05,1.39,3.16,3.16,3.16
1414.42,2.35,2.35,-0.88,-0.88,0.87,1.06,1.40,3.22,3.22,3.23
1428.56,2.41,2.41,-0.88,-0.88,0.88,1.07,1.42,3.29,3.29,3.29
1442.85,2.47,2.47,-0.88,-0.88,0.88,1.09,1.43,3.36,3.36,3.35
1457.28,2.53,2.53,-0.89,-0.89,0.89,1.10,1.45,3.42,3.42,3.42
1471.85,2.59,2.59,-0.89,-0.89,0.90,1.12,1.47,3.49,3.49,3.48
1486.57,2.65,2.65,-0.90,-0.90,0.91,1.14,1.49,3.56,3.56,3.55
1501.43,2.70,2.71,-0.92,-0.91,0.92,1.15,1.51,3.62,3.63,3.62
1516.45,2.77,2.77,-0.92,-0.93,0.93,1.17,1.53,3.70,3.70,3.69
1531.61,2.83,2.83,-0.94,-0.94,0.94,1.19,1.55,3.77,3.77,3.77
1546.93,2.90,2.90,-0.95,-0.95,0.95,1.21,1.57,3.85,3.85,3.85
1562.40,2.96,2.97,-0.97,-0.96,0.96,1.24,1.60,3.92,3.92,3.93
1578.02,3.04,3.04,-0.96,-0.96,0.96,1.26,1.62,4.01,4.00,4.00
1593.80,3.11,3.11,-0.96,-0.97,0.97,1.28,1.65,4.08,4.08,4.07
1609.74,3.19,3.19,-0.97,-0.97,0.97,1.31,1.67,4.16,4.16,4.16
1625.84,3.27,3.27,-0.97,-0.97,0.97,1.34,1.70,4.24,4.24,4.24
1642.10,3.36,3.36,-0.98,-0.98,0.97,1.36,1.73,4.33,4.33,4.34
1658.52,3.45,3.45,-0.97,-0.97,0.97,1.39,1.75,4.42,4.42,4.42
1675.10,3.54,3.54,-0.97,-0.97,0.96,1.42,1.78,4.51,4.51,4.51
1691.85,3.63,3.64,-0.96,-0.96,0.96,1.45,1.81,4.59,4.60,4.59
1708.77,3.73,3.73,-0.96,-0.96,0.96,1.49,1.84,4.69,4.69,4.69
1725.86,3.82,3.82,-0.98,-0.97,0.96,1.52,1.87,4.79,4.79,4.80
1743.12,3.91,3.91,-0.98,-0.99,0.98,1.56,1.90,4.89,4.89,4.89
1760.55,3.99,3.99,-1.01,-1.00,1.00,1.59,1.92,5.00,5.00,5.00
1778.15,4.06,4.06,-1.04,-1.04,1.05,1.63,1.95,5.11,5.11,5.10
1795.94,4.11,4.11,-1.08,-1.09,1.12,1.67,1.98,5.23,5.23,5.19
1813.90,4.13,4.13,-1.18,-1.18,1.21,1.71,2.01,5.34,5.34,5.31
1832.03,4.12,4.12,-1.29,-1.29,1.33,1.75,2.03,5.45,5.45,5.41
1850.36,4.09,4.09,-1.44,-1.44,1.46,1.79,2.06,5.56,5.55,5.53
1868.86,4.03,4.03,-1.61,-1.61,1.62,1.84,2.08,5.65,5.65,5.64
1887.55,3.96,3.96,-1.79,-1.79,1.79,1.88,2.10,5.75,5.75,5.75
1906.42,3.89,3.89,-1.98,-1.98,1.96,1.93,2.12,5.86,5.86,5.87
1925.49,3.83,3.84,-2.15,-2.15,2.13,1.97,2.14,5.97,5.97,5.98
1944.74,3.79,3.79,-2.31,-2.31,2.29,2.02,2.16,6.08,6.08,6.10
1964.19,3.77,3.77,-2.45,-2.45,2.43,2.07,2.18,6.20,6.20,6.22
1983.83,3.76,3.77,-2.58,-2.57,2.55,2.12,2.19,6.32,6.32,6.34
2003.67,3.78,3.78,-2.67,-2.67,2.65,2.17,2.21,6.44,6.44,6.45
2023.71,3.81,3.81,-2.75,-2.75,2.74,2.22,2.22,6.55,6.55,6.56
2043.94,3.86,3.86,-2.80,-2.80,2.80,2.28,2.23,6.66,6.66,6.66
2064.38,3.91,3.91,-2.84,-2.84,2.85,2.33,2.24,6.76,6.76,6.75
2085.03,3.97,3.97,-2.88,-2.88,2.89,2.38,2.25,6.86,6.87,6.85
2105.88,4.04,4.04,-2.92,-2.92,2.92,2.44,2.25,6.97,6.97,6.96
2126.94,4.11,4.11,-2.95,-2.95,2.95,2.49,2.26,7.06,7.07,7.06
2148.20,4.19,4.19,-2.97,-2.97,2.98,2.55,2.26,7.17,7.17,7.16
2169.69,4.26,4.26,-3.00,-3.00,3.00,2.60,2.27,7.26,7.26,7.26
2191.38,4.34,4.34,-3.02,-3.02,3.02,2.65,2.27,7.37,7.37,7.36
2213.30,4.42,4.42,-3.05,-3.05,3.05,2.71,2.27,7.47,7.47,7.47
2235.43,4.50,4.50,-3.07,-3.07,3.07,2.76,2.27,7.57,7.57,7.57
2257.78,4.58,4.58,-3.08,-3.09,3.09,2.81,2.27,7.67,7.67,7.66
2280.36,4.65,4.66,-3.11,-3.10,3.11,2.86,2.27,7.76,7.77,7.76
2303.17,4.73,4.73,-3.12,-3.13,3.13,2.91,2.27,7.86,7.86,7.85
2326.20,4.80,4.80,-3.15,-3.16,3.15,2.96,2.27,7.95,7.95,7.95
2349.46,4.87,4.88,-3.19,-3.18,3.17,3.00,2.27,8.04,8.04,8.06
2372.95,4.95,4.95,-3.19,-3.19,3.18,3.05,2.27,8.13,8.13,8.14
2396.68,5.02,5.02,-3.19,-3.20,3.20,3.09,2.28,8.22,8.22,8.21
2420.65,5.09,5.09,-3.20,-3.20,3.21,3.12,2.28,8.30,8.30,8.29
2444.86,5.15,5.16,-3.21,-3.21,3.21,3.16,2.28,8.37,8.37,8.36
2469.31,5.22,5.22,-3.21,-3.22,3.22,3.19,2.29,8.44,8.44,8.43
2494.00,5.28,5.29,-3.24,-3.23,3.22,3.22,2.29,8.51,8.51,8.52
2518.94,5.35,5.35,-3.23,-3.23,3.23,3.25,2.30,8.58,8.58,8.58
2544.13,5.41,5.41,-3.22,-3.22,3.23,3.27,2.31,8.64,8.64,8.63
2569.57,5.47,5.47,-3.22,-3.22,3.23,3.29,2.32,8.70,8.70,8.69
2595.27,5.53,5.53,-3.22,-3.23,3.23,3.30,2.33,8.76,8.76,8.75
2621.22,5.58,5.59,-3.24,-3.23,3.22,3.31,2.35,8.80,8.81,8.82
2647.43,5.65,5.65,-3.22,-3.22,3.21,3.32,2.36,8.86,8.86,8.87
2673.90,5.71,5.71,-3.20,-3.20,3.20,3.32,2.38,8.91,8.91,8.91
2700.64,5.78,5.78,-3.17,-3.17,3.18,3.32,2.40,8.96,8.96,8.95
2727.65,5.85,5.85,-3.15,-3.15,3.15,3.32,2.42,9.01,9.00,9.00
2754.93,5.92,5.92,-3.12,-3.12,3.12,3.31,2.45,9.04,9.04,9.04
2782.48,5.99,6.00,-3.09,-3.09,3.08,3.30,2.47,9.07,9.08,9.08
2810.30,6.07,6.07,-3.05,-3.04,3.03,3.29,2.50,9.11,9.10,9.12
2838.40,6.15,6.15,-2.98,-2.99,2.98,3.28,2.53,9.14,9.13,9.13
2866.79,6.22,6.23,-2.93,-2.93,2.93,3.26,2.56,9.15,9.16,9.15
2895.46,6.31,6.31,-2.86,-2.86,2.86,3.24,2.59,9.18,9.17,9.17
2924.41,6.39,6.39,-2.80,-2.80,2.80,3.22,2.63,9.19,9.19,9.19
2953.65,6.47,6.47,-2.73,-2.73,2.73,3.20,2.67,9.20,9.20,9.20
2983.19,6.55,6.55,-2.67,-2.67,2.65,3.17,2.71,9.20,9.21,9.22
3013.02,6.63,6.63,-2.61,-2.60,2.58,3.15,2.75,9.21,9.21,9.24
3043.15,6.71,6.71,-2.53,-2.53,2.51,3.12,2.79,9.22,9.22,9.24
3073.58,6.78,6.79,-2.47,-2.47,2.45,3.10,2.84,9.23,9.23,9.25
3104.32,6.84,6.84,-2.43,-2.43,2.41,3.07,2.89,9.26,9.25,9.27
3135.36,6.86,6.87,-2.42,-2.41,2.42,3.04,2.94,9.28,9.29,9.28
3166.72,6.84,6.85,-2.44,-2.43,2.48,3.02,2.99,9.33,9.33,9.28
3198.38,6.79,6.77,-2.47,-2.49,2.62,2.99,3.04,9.41,9.40,9.26
3230.37,6.61,6.61,-2.64,-2.64,2.82,2.97,3.10,9.43,9.43,9.25
3262.67,6.37,6.35,-2.86,-2.89,3.05,2.94,3.15,9.42,9.40,9.23
3295.30,6.02,6.02,-3.21,-3.21,3.28,2.92,3.21,9.31,9.30,9.23
3328.25,5.65,5.66,-3.57,-3.56,3.49,2.90,3.26,9.14,9.14,9.22
3361.53,5.33,5.34,-3.87,-3.86,3.64,2.88,3.32,8.98,8.99,9.20
3395.15,5.11,5.14,-4.07,-4.04,3.73,2.87,3.38,8.84,8.87,9.18
3429.10,5.07,5.06,-4.09,-4.10,3.74,2.85,3.43,8.81,8.80,9.16
3463.39,5.12,5.12,-4.01,-4.02,3.66,2.84,3.49,8.78,8.77,9.13
3498.03,5.27,5.29,-3.84,-3.82,3.48,2.83,3.55,8.75,8.77,9.11
3533.01,5.55,5.55,-3.54,-3.54,3.23,2.83,3.60,8.79,8.78,9.09
3568.34,5.87,5.87,-3.19,-3.19,2.93,2.82,3.65,8.81,8.81,9.06
3604.02,6.22,6.22,-2.80,-2.81,2.62,2.83,3.71,8.84,8.84,9.02
3640.06,6.55,6.55,-2.44,-2.44,2.32,2.83,3.76,8.87,8.87,8.99
3676.46,6.83,6.84,-2.12,-2.12,2.09,2.84,3.80,8.92,8.92,8.95
3713.22,7.05,7.05,-1.87,-1.87,1.91,2.85,3.84,8.97,8.96,8.92
3750.36,7.20,7.18,-1.69,-1.71,1.81,2.87,3.88,9.01,8.99,8.89
3787.86,7.19,7.22,-1.66,-1.63,1.78,2.90,3.92,8.97,9.00,8.85
3825.74,7.15,7.13,-1.67,-1.69,1.82,2.93,3.95,8.97,8.95,8.82
3864.00,6.94,6.92,-1.84,-1.86,1.93,2.97,3.98,8.87,8.85,8.78
3902.64,6.56,6.59,-2.18,-2.16,2.11,3.02,4.00,8.67,8.70,8.74
3941.66,6.15,6.14,-2.55,-2.57,2.34,3.07,4.02,8.49,8.48,8.70
3981.08,5.61,5.61,-3.07,-3.07,2.60,3.14,4.03,8.22,8.21,8.68
4020.89,5.03,5.03,-3.61,-3.61,2.89,3.22,4.04,7.92,7.91,8.64
4061.10,4.42,4.43,-4.18,-4.17,3.17,3.31,4.04,7.59,7.60,8.60
4101.71,3.87,3.87,-4.68,-4.68,3.48,3.41,4.04,7.35,7.35,8.55
4142.73,3.40,3.40,-5.12,-5.12,3.79,3.53,4.04,7.19,7.19,8.52
4184.15,3.02,3.05,-5.45,-5.43,4.07,3.66,4.02,7.09,7.11,8.47
4226.00,2.82,2.81,-5.62,-5.63,4.31,3.79,4.01,7.13,7.12,8.44
4268.26,2.72,2.72,-5.68,-5.68,4.50,3.93,3.99,7.22,7.22,8.40
4310.94,2.74,2.76,-5.62,-5.60,4.61,4.03,3.96,7.36,7.38,8.36
4354.05,2.91,2.91,-5.41,-5.42,4.66,4.12,3.94,7.57,7.57,8.32
4397.59,3.14,3.14,-5.14,-5.14,4.62,4.15,3.91,7.77,7.76,8.28
4441.56,3.42,3.42,-4.82,-4.82,4.51,4.14,3.87,7.93,7.93,8.24
4485.98,3.72,3.72,-4.48,-4.48,4.32,4.05,3.84,8.05,8.04,8.20
4530.84,4.02,4.02,-4.13,-4.14,4.08,3.93,3.80,8.10,8.10,8.15
4576.15,4.31,4.31,-3.81,-3.80,3.80,3.77,3.76,8.11,8.11,8.12
4621.91,4.58,4.58,-3.49,-3.50,3.50,3.58,3.72,8.08,8.08,8.07
4668.13,4.81,4.81,-3.22,-3.22,3.22,3.38,3.68,8.03,8.03,8.03
4714.81,5.00,5.01,-2.99,-2.98,2.99,3.17,3.64,7.99,8.00,7.99
4761.96,5.17,5.17,-2.77,-2.78,2.79,2.97,3.60,7.96,7.96,7.94
4809.58,5.30,5.30,-2.61,-2.61,2.62,2.78,3.56,7.93,7.92,7.91
4857.67,5.38,5.38,-2.48,-2.48,2.50,2.62,3.53,7.88,7.88,7.86
4906.25,5.41,5.42,-2.41,-2.40,2.42,2.49,3.49,7.83,7.83,7.82
4955.31,5.41,5.41,-2.36,-2.37,2.39,2.44,3.45,7.80,7.79,7.77
5004.87,5.35,5.35,-2.38,-2.39,2.41,2.43,3.42,7.76,7.75,7.73
5054.91,5.24,5.25,-2.47,-2.46,2.48,2.52,3.38,7.72,7.72,7.71
5105.46,5.09,5.10,-2.58,-2.58,2.60,2.66,3.35,7.69,7.69,7.67
5156.52,4.91,4.90,-2.73,-2.74,2.76,2.86,3.33,7.67,7.66,7.64
5208.08,4.67,4.67,-2.94,-2.94,2.95,3.08,3.30,7.63,7.63,7.61
5260.16,4.39,4.40,-3.19,-3.19,3.18,3.33,3.28,7.57,7.57,7.58
5312.77,4.08,4.08,-3.47,-3.47,3.42,3.58,3.26,7.50,7.50,7.55
5365.89,3.73,3.73,-3.77,-3.77,3.68,3.82,3.24,7.41,7.41,7.50
5419.55,3.35,3.36,-4.11,-4.11,3.94,4.05,3.22,7.29,7.30,7.46
5473.75,2.95,2.95,-4.48,-4.48,4.21,4.27,3.21,7.16,7.16,7.43
5528.49,2.52,2.52,-4.87,-4.87,4.49,4.49,3.21,7.02,7.01,7.39
5583.77,2.06,2.07,-5.30,-5.29,4.78,4.69,3.20,6.84,6.84,7.36
5639.61,1.59,1.60,-5.73,-5.73,5.05,4.89,3.20,6.64,6.64,7.32
5696.00,1.11,1.12,-6.19,-6.18,5.29,5.07,3.20,6.40,6.41,7.30
5752.96,0.63,0.65,-6.64,-6.62,5.51,5.26,3.21,6.14,6.15,7.27
5810.49,0.16,0.18,-7.08,-7.06,5.69,5.42,3.22,5.85,5.87,7.24
5868.60,-0.29,-0.26,-7.50,-7.47,5.84,5.58,3.23,5.55,5.58,7.21
5927.28,-0.71,-0.66,-7.89,-7.85,5.94,5.70,3.24,5.23,5.28,7.18
5986.56,-1.09,-1.02,-8.24,-8.16,6.01,5.82,3.26,4.92,4.99,7.15
6046.42,-1.40,-1.31,-8.50,-8.40,6.04,5.89,3.29,4.65,4.74,7.10
6106.89,-1.65,-1.52,-8.68,-8.55,6.05,5.95,3.31,4.40,4.53,7.03
6167.96,-1.81,-1.64,-8.79,-8.61,6.05,5.96,3.34,4.24,4.41,6.98
6229.64,-1.88,-1.66,-8.80,-8.57,6.05,5.96,3.37,4.17,4.40,6.92
6291.93,-1.87,-1.57,-8.73,-8.43,6.05,5.93,3.41,4.18,4.47,6.86
6354.85,-1.74,-1.40,-8.54,-8.18,6.04,5.88,3.45,4.31,4.65,6.80
6418.40,-1.57,-1.13,-8.31,-7.85,6.01,5.81,3.49,4.44,4.88,6.74
6482.58,-1.30,-0.80,-7.97,-7.45,5.95,5.73,3.53,4.65,5.15,6.67
6547.41,-0.99,-0.43,-7.60,-7.00,5.84,5.63,3.58,4.85,5.41,6.61
6612.88,-0.66,-0.04,-7.21,-6.54,5.70,5.52,3.63,5.04,5.66,6.55
6679.01,-0.32,0.32,-6.81,-6.09,5.51,5.38,3.68,5.20,5.84,6.49
6745.80,0.01,0.66,-6.40,-5.65,5.29,5.24,3.74,5.30,5.95,6.41
6813.26,0.35,0.96,-5.97,-5.24,5.03,5.06,3.79,5.38,6.00,6.32
6881.39,0.73,1.23,-5.50,-4.86,4.76,4.87,3.85,5.49,5.99,6.23
6950.21,1.15,1.45,-5.00,-4.53,4.49,4.65,3.90,5.64,5.94,6.15
7019.71,1.62,1.62,-4.44,-4.24,4.25,4.43,3.96,5.87,5.86,6.06
7089.91,2.16,1.73,-3.81,-4.00,4.05,4.20,4.02,6.21,5.77,5.97
7160.81,2.75,1.77,-3.11,-3.83,3.89,3.96,4.07,6.64,5.66,5.86
7232.41,3.34,1.76,-2.40,-3.71,3.78,3.78,4.13,7.12,5.53,5.74
7304.74,3.94,1.68,-1.68,-3.66,3.70,3.60,4.18,7.65,5.38,5.62
7377.79,4.45,1.56,-1.05,-3.65,3.67,3.53,4.22,8.12,5.23,5.50
7451.56,4.85,1.41,-0.52,-3.68,3.67,3.47,4.27,8.52,5.08,5.37
7526.08,5.13,1.24,-0.12,-3.71,3.69,3.49,4.31,8.83,4.93,5.25
7601.34,5.29,1.07,0.16,-3.75,3.73,3.51,4.34,9.02,4.80,5.13
7677.35,5.36,0.91,0.34,-3.78,3.76,3.55,4.37,9.12,4.67,5.02
7754.13,5.39,0.77,0.49,-3.80,3.77,3.60,4.39,9.17,4.54,4.90
7831.67,5.33,0.64,0.55,-3.79,3.78,3.62,4.41,9.11,4.42,4.78
7909.98,5.24,0.53,0.58,-3.77,3.76,3.64,4.42,9.00,4.29,4.66
7989.08,5.08,0.44,0.54,-3.73,3.72,3.64,4.41,8.80,4.16,4.54
8068.98,4.86,0.37,0.46,-3.67,3.66,3.64,4.41,8.53,4.03,4.40
8149.67,4.61,0.31,0.36,-3.59,3.59,3.62,4.38,8.20,3.90,4.25
8231.16,4.33,0.26,0.23,-3.51,3.51,3.61,4.36,7.84,3.77,4.10
8313.47,4.03,0.22,0.08,-3.41,3.41,3.58,4.32,7.44,3.63,3.95
8396.61,3.72,0.19,-0.08,-3.30,3.30,3.55,4.29,7.03,3.49,3.80
8480.57,3.38,0.16,-0.27,-3.19,3.19,3.52,4.23,6.57,3.35,3.65
8565.38,3.02,0.14,-0.46,-3.07,3.08,3.48,4.18,6.10,3.21,3.48
8651.03,2.62,0.12,-0.69,-2.95,2.96,3.45,4.12,5.58,3.08,3.31
8737.54,2.18,0.10,-0.96,-2.83,2.84,3.42,4.05,5.02,2.94,3.14
8824.92,1.72,0.08,-1.25,-2.71,2.72,3.39,3.98,4.44,2.80,2.97
8913.17,1.27,0.06,-1.52,-2.58,2.60,3.36,3.91,3.87,2.66,2.79
9002.30,0.82,0.04,-1.80,-2.46,2.47,3.33,3.83,3.29,2.51,2.62
9092.32,0.40,0.02,-2.03,-2.33,2.34,3.30,3.75,2.75,2.37,2.43
9183.25,-0.01,0.01,-2.25,-2.20,2.21,3.28,3.67,2.20,2.22,2.24
9275.08,-0.44,0.02,-2.48,-2.05,2.06,3.26,3.58,1.62,2.08,2.04
9367.83,-0.89,0.04,-2.73,-1.89,1.90,3.24,3.50,1.01,1.94,1.84
9461.51,-1.36,0.08,-3.01,-1.70,1.67,3.22,3.42,0.31,1.75,1.65
9556.12,-1.84,0.15,-3.29,-1.49,1.39,3.21,3.34,-0.45,1.54,1.45
9651.68,-2.31,0.26,-3.55,-1.23,1.09,3.20,3.26,-1.22,1.35,1.24
9748.20,-2.74,0.41,-3.77,-0.94,0.78,3.19,3.18,-1.95,1.19,1.03
9845.68,-3.12,0.62,-3.94,-0.58,0.49,3.18,3.10,-2.63,1.11,0.82
9944.14,-3.48,0.91,-4.10,-0.14,0.23,3.18,3.03,-3.25,1.14,0.62
10043.58,-3.82,1.28,-4.23,0.37,0.02,3.18,2.96,-3.80,1.29,0.41
10144.02,-4.14,1.05,-4.36,0.33,-0.14,3.18,2.90,-4.28,0.91,0.22
10245.46,-4.45,0.82,-4.48,0.27,-0.24,3.18,2.84,-4.69,0.58,0.03
10347.91,-4.72,0.58,-4.57,0.21,-0.27,3.19,2.78,-4.99,0.31,-0.15
10451.39,-4.95,0.33,-4.61,0.15,-0.24,3.19,2.72,-5.19,0.09,-0.34
10555.91,-5.10,0.07,-4.57,0.08,-0.16,3.20,2.68,-5.25,-0.08,-0.53
10661.46,-5.19,-0.19,-4.47,-0.00,-0.04,3.21,2.63,-5.22,-0.23,-0.72
10768.08,-5.23,-0.46,-4.31,-0.09,0.09,3.22,2.59,-5.14,-0.38,-0.92
10875.76,-5.23,-0.75,-4.11,-0.18,0.18,3.23,2.55,-5.05,-0.57,-1.12
10984.52,-5.21,-1.04,-3.90,-0.27,0.27,3.25,2.52,-4.94,-0.76,-1.31
11094.36,-5.18,-1.34,-3.67,-0.38,0.38,3.26,2.49,-4.80,-0.96,-1.51
11205.31,-5.15,-1.64,-3.44,-0.48,0.48,3.27,2.47,-4.66,-1.16,-1.71
11317.36,-5.10,-1.96,-3.18,-0.60,0.60,3.29,2.45,-4.50,-1.36,-1.92
11430.53,-5.03,-2.28,-2.90,-0.72,0.72,3.31,2.44,-4.31,-1.56,-2.13
11544.84,-4.94,-2.61,-2.60,-0.85,0.85,3.32,2.44,-4.09,-1.77,-2.34
11660.29,-4.86,-2.95,-2.31,-0.98,0.98,3.34,2.44,-3.88,-1.98,-2.55
11776.89,-4.80,-3.30,-2.04,-1.12,1.12,3.36,2.44,-3.68,-2.18,-2.76
11894.66,-4.86,-3.66,-1.92,-1.26,1.26,3.38,2.45,-3.59,-2.40,-2.94
12013.60,-4.93,-4.03,-1.80,-1.42,1.42,3.39,2.47,-3.51,-2.61,-3.13
12133.74,-5.07,-4.40,-1.76,-1.57,1.57,3.41,2.49,-3.50,-2.83,-3.31
12255.08,-5.24,-4.78,-1.74,-1.74,1.74,3.43,2.52,-3.50,-3.04,-3.50
12377.63,-5.42,-5.17,-1.74,-1.91,1.91,3.45,2.56,-3.51,-3.26,-3.68
12501.41,-5.59,-5.57,-1.73,-2.08,2.08,3.47,2.60,-3.51,-3.49,-3.86
12626.42,-5.74,-5.98,-1.69,-2.26,2.26,3.48,2.65,-3.47,-3.71,-4.05
12752.68,-5.88,-6.39,-1.65,-2.45,2.45,3.50,2.71,-3.43,-3.94,-4.23
12880.21,-5.92,-6.81,-1.50,-2.65,2.65,3.52,2.78,-3.27,-4.17,-4.42
13009.01,-5.90,-7.25,-1.29,-2.85,2.85,3.53,2.86,-3.05,-4.40,-4.61
13139.10,-5.89,-7.69,-1.09,-3.05,3.05,3.55,2.95,-2.83,-4.63,-4.80
13270.49,-5.71,-8.13,-0.73,-3.27,3.27,3.56,3.05,-2.44,-4.87,-4.98
13403.20,-5.49,-8.59,-0.34,-3.48,3.48,3.58,3.16,-2.00,-5.11,-5.15
13537.23,-5.21,-9.06,0.12,-3.71,3.71,3.59,3.28,-1.50,-5.35,-5.33
13672.60,-4.93,-9.53,0.58,-3.94,3.94,3.60,3.43,-0.99,-5.59,-5.51
13809.33,-4.66,-10.01,1.02,-4.18,4.18,3.62,3.58,-0.48,-5.83,-5.68
13947.42,-4.38,-10.50,1.47,-4.42,4.44,3.63,3.75,0.06,-6.06,-5.85
14086.90,-4.09,-11.00,1.94,-4.67,4.71,3.64,3.93,0.62,-6.29,-6.03
14227.77,-3.80,-11.51,2.39,-4.93,4.97,3.65,4.14,1.18,-6.53,-6.19
14370.04,-3.49,-12.02,2.86,-5.19,5.22,3.66,4.35,1.74,-6.80,-6.35
14513.74,-3.16,-12.54,3.36,-5.45,5.45,3.66,4.59,2.29,-7.09,-6.52
14658.88,-2.87,-13.07,3.81,-5.73,5.64,3.67,4.84,2.77,-7.43,-6.68
14805.47,-2.60,-13.61,4.25,-6.01,5.80,3.68,5.12,3.20,-7.82,-6.85
14953.52,-2.40,-14.16,4.61,-6.29,5.91,3.68,5.39,3.52,-8.25,-7.01
15103.06,-2.42,-14.72,4.79,-6.59,5.99,3.69,5.68,3.58,-8.73,-7.21
15254.09,-2.56,-15.28,4.87,-6.88,6.04,3.69,5.95,3.48,-9.25,-7.43
15406.63,-3.17,-15.86,4.48,-7.19,6.05,3.70,6.21,2.88,-9.81,-7.65
15560.70,-4.01,-16.44,3.86,-7.50,6.04,3.70,6.44,2.03,-10.40,-7.87
15716.30,-5.17,-17.03,2.92,-7.82,6.02,3.70,6.61,0.85,-11.01,-8.09
15873.47,-6.67,-17.62,1.64,-8.14,6.00,3.71,6.72,-0.66,-11.62,-8.31
16032.20,-8.29,-18.23,0.25,-8.47,6.00,3.71,6.71,-2.29,-12.23,-8.54
16192.52,-10.01,-18.85,-1.15,-8.80,6.00,3.71,6.64,-4.01,-12.85,-8.86
16354.45,-11.65,-19.47,-2.49,-9.14,6.00,3.71,6.44,-5.65,-13.47,-9.16
16517.99,-13.23,-20.10,-3.76,-9.49,6.00,3.71,6.17,-7.23,-14.10,-9.47
16683.17,-14.66,-20.74,-4.87,-9.85,6.00,3.71,5.80,-8.66,-14.74,-9.79
16850.01,-16.00,-21.39,-5.91,-10.20,6.00,3.71,5.41,-10.00,-15.39,-10.09
17018.51,-17.25,-22.04,-6.83,-10.57,6.00,3.71,4.96,-11.25,-16.04,-10.42
17188.69,-18.33,-22.71,-7.50,-10.94,6.00,3.71,4.51,-12.33,-16.71,-10.83
17360.58,-19.22,-23.38,-7.96,-11.32,6.00,3.70,4.06,-13.22,-17.38,-11.26
17534.18,-19.98,-24.06,-8.29,-11.70,6.00,3.70,3.63,-13.98,-18.06,-11.69
17709.53,-20.60,-24.75,-8.50,-12.09,6.00,3.70,3.22,-14.60,-18.75,-12.10
17886.62,-21.26,-25.45,-8.73,-12.49,6.00,3.70,2.84,-15.26,-19.45,-12.53
18065.49,-22.17,-26.15,-9.17,-12.89,6.00,3.70,2.49,-16.17,-20.15,-13.00
18246.14,-23.51,-26.87,-9.98,-13.30,6.00,3.69,2.17,-17.51,-20.87,-13.53
18428.60,-25.70,-27.59,-11.62,-13.72,6.00,3.69,1.89,-19.70,-21.59,-14.08
18612.89,-28.49,-28.32,-13.87,-14.14,6.00,3.69,1.63,-22.49,-22.32,-14.62
18799.02,-31.77,-29.06,-16.60,-14.56,6.00,3.69,1.40,-25.77,-23.06,-15.17
18987.01,-35.40,-29.81,-19.70,-15.00,6.00,3.68,1.19,-29.40,-23.81,-15.70
19176.88,-40.75,-30.56,-24.42,-15.43,6.00,3.68,1.01,-34.75,-24.56,-16.33
19368.65,-47.15,-31.33,-30.18,-15.88,6.00,3.68,0.85,-41.15,-25.33,-16.97
19562.33,-55.39,-32.10,-37.79,-16.33,6.00,3.68,0.70,-49.39,-26.10,-17.60
19757.96,-66.32,-32.88,-48.10,-16.79,6.00,3.67,0.56,-60.32,-26.88,-18.22
19955.54,-77.25,-33.67,-58.39,-17.25,6.00,3.67,0.42,-71.25,-27.67,-18.86
